Day	Month	Year	Tmin	Tmax	Prcp	ET0
1	10	2017	3.5261	15.277	0.0	1.259
2	10	2017	3.9245	10.9949	2.1	1.105
3	10	2017	-0.3576	9.6007	0.4	2.017
4	10	2017	-2.8472	14.1816	0.0	2.925
5	10	2017	-3.5443	15.3766	0.0	2.835
6	10	2017	1.9328	20.5549	0.0	3.972
7	10	2017	4.1236	12.1899	0.5	2.974
8	10	2017	-0.0091	5.717	0.0	1.662
9	10	2017	-6.233	12.7874	0.0	2.553
10	10	2017	-2.5485	10.2978	0.0	1.792
11	10	2017	2.829	15.6753	0.0	3.189
12	10	2017	-0.8555	6.0157	0.0	1.627
13	10	2017	-8.1251	2.0324	0.0	1.391
14	10	2017	-8.2247	8.8041	0.0	2.051
15	10	2017	-2.648	12.887	0.2	2.586
16	10	2017	-1.3535	17.8661	0.0	3.519
17	10	2017	2.0324	22.5466	0.0	4.974
18	10	2017	2.132	10.5966	0.0	4.074
19	10	2017	3.1278	16.7707	0.0	2.861
20	10	2017	4.1236	12.2895	0.0	2.327
21	10	2017	-1.3037	7.7086	9.4	1.072
22	10	2017	-2.4489	5.4182	2.2	1.086
23	10	2017	-1.8514	10.6961	0.2	2.21
24	10	2017	-2.5485	17.667	0.0	2.901
25	10	2017	-0.9551	7.9078	2.0	1.285
26	10	2017	-5.1376	2.9286	0.3	1.019
27	10	2017	-2.3493	4.2232	0.0	1.38
28	10	2017	-1.0547	13.9824	0.2	1.95
29	10	2017	-2.1999	5.219	0.0	2.021
30	10	2017	-3.7435	-0.0589	0.0	1.354
31	10	2017	-6.6314	0.7405	0.5	0.645
1	11	2017	-5.9881	-1.4595	1.6	0.705
2	11	2017	-7.9743	-5.1477	0.0	0.529
3	11	2017	-10.2566	-6.3154	2.1	0.364
4	11	2017	-19.0728	-7.8056	1.6	0.397
5	11	2017	-22.3864	-9.4433	0.2	0.365
6	11	2017	-16.2914	-7.0946	0.0	0.582
7	11	2017	-16.6429	-5.8425	0.0	0.503
8	11	2017	-21.7538	-9.4935	0.5	0.319
9	11	2017	-22.3563	-9.9805	0.5	0.293
10	11	2017	-9.5236	-2.1172	1.5	0.422
11	11	2017	-15.5885	-4.3875	1.1	0.445
12	11	2017	-15.5785	-8.3287	0.4	0.272
13	11	2017	-13.3493	1.824	0.8	0.572
14	11	2017	-13.5702	-3.5621	0.8	0.274
15	11	2017	-23.0692	-13.2138	0.3	0.21
16	11	2017	-12.7569	-3.2338	2.5	0.26
17	11	2017	-18.8921	-9.614	0.2	0.287
18	11	2017	-23.491	-9.1923	0.0	0.265
19	11	2017	-17.3257	0.4945	0.0	0.321
20	11	2017	-17.2152	0.6361	0.2	0.293
21	11	2017	-23.3604	-15.3275	0.0	0.218
22	11	2017	-18.4503	-8.148	0.4	0.324
23	11	2017	-9.4332	6.2873	0.0	0.509
24	11	2017	-9.0738	3.5209	0.5	0.628
25	11	2017	-10.1863	1.9776	0.2	0.409
26	11	2017	-10.1361	-0.7948	0.0	0.211
27	11	2017	-2.5314	5.237	0.0	0.951
28	11	2017	-11.2909	2.9928	0.0	0.687
29	11	2017	-3.1384	3.2528	0.0	0.868
30	11	2017	-8.0456	1.2888	0.0	0.67
1	12	2017	-7.434	1.2968	0.0	0.601
2	12	2017	-6.7432	-3.9859	0.0	0.381
3	12	2017	-11.9335	-4.5914	0.0	0.222
4	12	2017	-19.3439	-9.1621	0.2	0.167
5	12	2017	-19.4042	-0.0537	2.0	0.052
6	12	2017	-24.6056	-4.5251	0.3	0.084
7	12	2017	-10.7085	-0.1913	0.0	0.525
8	12	2017	-10.357	0.1622	0.7	0.515
9	12	2017	-9.9454	4.6185	0.0	0.792
10	12	2017	-3.3051	4.7741	0.0	0.742
11	12	2017	-3.3232	2.4616	0.0	0.612
12	12	2017	-2.2357	4.1104	0.0	0.74
13	12	2017	-1.6322	1.7075	0.0	0.697
14	12	2017	-3.7228	-0.0527	0.0	0.517
15	12	2017	-0.9233	3.1203	0.0	0.431
16	12	2017	-6.7141	1.2747	0.0	0.663
17	12	2017	-7.0153	0.4604	0.0	0.468
18	12	2017	-5.8651	-0.3981	0.0	0.715
19	12	2017	-17.4863	-6.5524	0.0	0.363
20	12	2017	-18.7816	-13.3092	0.4	0.236
21	12	2017	-16.4822	-8.0767	0.8	0.192
22	12	2017	-10.5277	-7.4632	0.0	0.38
23	12	2017	-23.2098	-9.3228	0.2	0.166
24	12	2017	-27.2364	-20.1372	0.2	0.169
25	12	2017	-31.785	-23.5512	0.0	0.133
26	12	2017	-34.8677	-25.2382	0.0	0.1
27	12	2017	-32.8795	-21.5229	0.9	0.098
28	12	2017	-32.1365	-20.3079	0.2	0.115
29	12	2017	-35.7463	-25.7201	0.0	0.103
30	12	2017	-37.3479	-27.7685	0.4	0.08
31	12	2017	-33.0302	-23.6717	0.3	0.097
1	1	2018	-31.9357	-20.2527	0.2	0.149
2	1	2018	-20.81	-6.8727	0.0	0.231
3	1	2018	-18.1189	-5.4198	0.0	0.315
4	1	2018	-16.9943	-9.6943	0.0	0.176
5	1	2018	-13.9016	-9.4935	0.0	0.339
6	1	2018	-14.6848	-5.2029	0.0	0.293
7	1	2018	-10.5077	0.619	0.0	0.657
8	1	2018	-8.8308	-2.072	0.0	0.441
9	1	2018	-15.458	-4.754	0.0	0.188
10	1	2018	-25.3938	-16.442	0.0	0.164
11	1	2018	-30.5399	-22.5069	0.3	0.161
12	1	2018	-32.739	-21.8543	0.7	0.149
13	1	2018	-28.9534	-13.1585	0.0	0.198
14	1	2018	-23.7521	-12.6364	0.0	0.313
15	1	2018	-31.2529	-17.9281	0.0	0.189
16	1	2018	-21.8743	-5.4971	0.0	0.434
17	1	2018	-12.2147	4.9729	0.0	0.548
18	1	2018	-8.1681	5.6577	0.0	0.494
19	1	2018	-5.0051	2.9908	0.0	0.837
20	1	2018	-9.1973	-0.0467	0.0	0.488
21	1	2018	-11.6925	-5.1306	1.0	0.239
22	1	2018	-9.9253	-1.2808	0.0	0.504
23	1	2018	-7.5254	-5.8254	0.0	0.203
24	1	2018	-7.5179	-5.1778	0.0	0.196
25	1	2018	-9.132	-3.517	0.0	0.369
26	1	2018	-14.0321	-9.2726	4.1	0.354
27	1	2018	-28.0798	-13.9016	0.9	0.226
28	1	2018	-29.5057	-18.0587	1.1	0.218
29	1	2018	-30.058	-9.4081	0.5	0.077
30	1	2018	-12.541	1.2346	0.2	0.4
31	1	2018	-27.8991	-12.6364	0.2	0.267
1	2	2018	-31.8654	-19.0025	0.4	0.171
2	2	2018	-22.8885	-19.5147	0.0	0.274
3	2	2018	-28.612	-21.6434	0.8	0.21
4	2	2018	-30.0278	-17.8478	0.0	0.232
5	2	2018	-25.9912	-16.5224	0.0	0.286
6	2	2018	-26.4029	-16.1107	0.2	0.302
7	2	2018	-30.1082	-16.7131	0.3	0.26
8	2	2018	-30.1684	-17.9683	0.0	0.254
9	2	2018	-29.335	-14.9358	0.5	0.257
10	2	2018	-22.0049	-9.9052	0.0	0.434
11	2	2018	-31.7148	-15.1969	0.0	0.281
12	2	2018	-31.9658	-16.8136	0.0	0.223
13	2	2018	-17.1449	1.2797	0.0	0.587
14	2	2018	-18.5306	0.3088	0.2	0.203
15	2	2018	-31.3633	-14.6045	0.2	0.285
16	2	2018	-19.6653	-6.0805	0.0	0.541
17	2	2018	-20.3481	-11.8431	0.0	0.428
18	2	2018	-28.7074	-13.2389	0.5	0.348
19	2	2018	-30.1383	-16.4019	0.8	0.282
20	2	2018	-23.7922	-13.3293	0.0	0.418
21	2	2018	-33.6427	-12.7268	1.2	0.292
22	2	2018	-23.2902	-9.0617	0.0	0.473
23	2	2018	-20.5589	-7.1659	0.0	0.564
24	2	2018	-12.9376	-2.3492	0.0	0.887
25	2	2018	-17.7474	-4.9488	0.6	0.764
26	2	2018	-16.6931	-4.5582	0.2	0.634
27	2	2018	-13.9518	-2.9326	0.0	0.82
28	2	2018	-14.6346	-0.9926	0.0	0.932
1	3	2018	-19.5548	-5.1928	0.3	0.752
2	3	2018	-18.5507	-7.659	0.0	0.549
3	3	2018	-10.9997	-5.6598	0.7	0.418
4	3	2018	-12.2046	-5.5844	1.9	0.394
5	3	2018	-12.044	-8.881	1.4	0.676
6	3	2018	-20.3581	-5.71	0.8	0.64
7	3	2018	-24.2039	-9.1421	0.9	0.657
8	3	2018	-24.9369	-10.2868	1.0	0.602
9	3	2018	-17.7474	-5.6638	0.2	0.651
10	3	2018	-11.8431	-1.9013	0.3	1.196
11	3	2018	-14.3233	-0.6853	0.0	1.172
12	3	2018	-18.0386	-2.2598	1.7	1.043
13	3	2018	-18.5306	-2.3421	0.9	1.124
14	3	2018	-18.0185	-1.4585	0.6	0.874
15	3	2018	-13.3694	-5.3103	0.0	0.883
16	3	2018	-9.373	0.6753	0.0	0.88
17	3	2018	-3.9432	-0.8239	1.0	0.761
18	3	2018	-7.9974	-2.3552	0.0	0.95
19	3	2018	-11.6323	-2.8522	0.2	1.133
20	3	2018	-5.5292	0.7174	0.0	1.577
21	3	2018	-11.5017	-1.5459	0.0	1.2
22	3	2018	-10.4072	-0.1702	0.0	0.99
23	3	2018	-3.287	-0.7416	1.6	0.665
24	3	2018	-6.688	2.5038	0.0	1.348
25	3	2018	-10.2566	1.1141	0.7	1.361
26	3	2018	-10.3671	3.2207	0.0	1.586
27	3	2018	-12.2749	-4.503	0.0	0.797
28	3	2018	-16.683	-5.7823	0.2	1.195
29	3	2018	-25.0825	-10.1161	0.0	0.84
30	3	2018	-29.1743	-11.3411	0.2	0.707
31	3	2018	-21.1715	-8.2785	0.0	0.898
1	4	2018	-19.6854	-5.5121	0.0	1.165
2	4	2018	-23.8926	-5.4409	0.0	1.15
3	4	2018	-18.2394	-6.0253	0.0	1.311
4	4	2018	-20.0067	-4.3052	0.0	1.222
5	4	2018	-18.3398	-10.8591	0.0	0.951
6	4	2018	-22.5672	-8.7806	0.0	1.059
7	4	2018	-24.716	-6.8597	0.0	1.055
8	4	2018	-19.0226	-4.0471	0.0	1.214
9	4	2018	-16.3115	-0.6432	0.0	1.048
10	4	2018	-13.9719	4.3273	0.0	1.916
11	4	2018	-4.8715	-0.8279	2.2	1.323
12	4	2018	-10.0658	-2.1403	0.2	1.526
13	4	2018	-11.0097	-0.116	0.0	1.466
14	4	2018	-3.4908	2.7076	0.0	1.84
15	4	2018	-6.2	3.3101	0.0	1.727
16	4	2018	-1.6392	1.9656	0.0	2.03
17	4	2018	-1.2316	1.0267	3.6	0.921
18	4	2018	-4.2972	8.8016	0.0	3.057
19	4	2018	1.3289	9.7154	0.0	3.49
20	4	2018	1.9063	16.3526	0.0	3.498
21	4	2018	3.0651	18.2504	0.0	2.91
22	4	2018	3.9557	11.8341	0.0	3.786
23	4	2018	-0.0226	12.3964	0.0	3.926
24	4	2018	-0.7657	20.098	0.0	4.748
25	4	2018	1.4063	15.7602	0.0	3.694
26	4	2018	-0.0557	20.4696	0.0	4.955
27	4	2018	-1.9104	14.6456	0.0	4.091
28	4	2018	1.0588	25.1689	0.0	5.913
29	4	2018	3.5862	18.2002	2.8	2.979
30	4	2018	0.8585	10.7898	0.0	3.537
1	5	2018	-2.7709	16.2322	0.8	4.077
2	5	2018	2.4867	17.6781	0.0	4.636
3	5	2018	6.204	19.9374	0.4	4.741
4	5	2018	1.3259	22.4276	0.0	4.277
5	5	2018	3.9136	22.9497	0.0	4.449
6	5	2018	4.6486	27.1972	0.0	5.869
7	5	2018	9.5949	24.5463	0.0	3.816
8	5	2018	6.699	17.3869	4.8	2.594
9	5	2018	1.7381	12.8282	0.0	4.631
10	5	2018	0.367	8.9422	0.4	1.895
11	5	2018	3.8277	9.9664	1.6	1.184
12	5	2018	1.839	20.1884	0.2	5.079
13	5	2018	7.2965	25.3094	0.0	6.143
14	5	2018	3.8654	23.984	0.0	5.757
15	5	2018	10.2777	30.8924	0.0	7.289
16	5	2018	11.0408	25.6207	0.0	6.452
17	5	2018	6.9219	12.2257	4.0	1.505
18	5	2018	4.4729	18.5918	0.0	5.312
19	5	2018	3.7409	21.6745	0.0	5.821
20	5	2018	4.3634	24.4158	0.0	6.646
21	5	2018	13.4507	30.4003	0.0	7.791
22	5	2018	10.7296	27.1771	0.0	5.105
23	5	2018	10.7697	29.2556	0.0	6.299
24	5	2018	14.8063	26.1429	8.8	4.42
25	5	2018	12.9989	23.9921	1.341	4.691
26	5	2018	10.0963	28.5596	6.194	4.894
27	5	2018	9.7789	24.1706	0.0	5.965
28	5	2018	8.9311	29.8802	0.0	7.478
29	5	2018	14.5185	24.1147	0.0	6.81
30	5	2018	10.4942	23.0658	11.084	3.898
31	5	2018	9.2646	13.2284	0.0	1.77
1	6	2018	7.6368	12.026	8.476	0.818
2	6	2018	6.9092	15.8247	0.0	2.965
3	6	2018	6.2083	22.9563	0.0	6.771
4	6	2018	8.7259	25.6808	4.401	5.095
5	6	2018	10.1034	20.2069	0.0	5.785
6	6	2018	8.4767	26.7821	0.0	7.74
7	6	2018	8.2323	25.903	0.0	7.25
8	6	2018	13.7611	22.6356	0.0	6.112
9	6	2018	14.2105	29.3014	0.0	7.678
10	6	2018	15.2348	26.4512	0.0	6.382
11	6	2018	7.2238	17.3938	3.097	5.072
12	6	2018	7.2966	19.1508	0.0	4.899
13	6	2018	7.1848	25.2287	0.0	6.759
14	6	2018	10.2299	23.9095	2.282	4.186
15	6	2018	8.5936	22.58	0.978	6.082
16	6	2018	8.3613	21.6572	0.0	5.517
17	6	2018	8.4469	25.2139	0.0	6.307
18	6	2018	10.4342	27.4823	0.0	6.391
19	6	2018	11.5432	28.6411	0.0	6.828
20	6	2018	12.1837	29.8253	0.0	7.217
21	6	2018	14.0705	29.9682	0.0	6.609
22	6	2018	14.9626	29.0822	5.379	6.172
23	6	2018	15.7361	23.7283	0.326	4.703
24	6	2018	15.5025	25.063	28.688	4.116
25	6	2018	15.307	27.5487	0.0	6.851
26	6	2018	12.5447	23.4226	0.0	7.504
27	6	2018	7.6469	23.184	0.0	6.319
28	6	2018	8.3307	22.1951	0.0	4.35
29	6	2018	8.6963	23.3005	0.0	5.532
30	6	2018	10.6461	22.7977	0.978	4.486
1	7	2018	11.0299	18.769	18.256	3.227
2	7	2018	8.5188	20.7533	0.0	5.18
3	7	2018	8.3674	19.6355	1.63	4.428
4	7	2018	10.5751	18.1726	5.705	2.384
5	7	2018	7.9794	23.7683	0.0	6.009
6	7	2018	14.6418	30.5101	0.0	6.067
7	7	2018	12.9741	29.6591	0.0	8.502
8	7	2018	12.1503	22.8095	0.0	5.288
9	7	2018	9.5211	26.5056	0.0	5.488
10	7	2018	13.1664	28.2644	6.194	4.926
11	7	2018	13.9155	24.0061	3.423	4.552
12	7	2018	14.2507	27.2801	0.0	6.67
13	7	2018	14.8089	29.4697	0.0	6.951
14	7	2018	10.4215	20.7241	0.0	4.641
15	7	2018	7.83	22.6155	0.0	6.438
16	7	2018	6.3806	25.3218	0.0	5.92
17	7	2018	11.2961	33.5652	0.0	7.412
18	7	2018	15.3186	28.0967	0.0	4.144
19	7	2018	13.389	27.7963	0.0	6.4
20	7	2018	13.3353	27.898	0.0	6.376
21	7	2018	16.6856	23.9965	0.652	5.444
22	7	2018	13.9221	22.1008	1.304	4.966
23	7	2018	9.8003	22.0575	0.0	5.843
24	7	2018	7.8759	22.1881	0.0	4.357
25	7	2018	11.4304	21.1075	0.0	4.37
26	7	2018	6.3419	22.7393	0.0	3.646
27	7	2018	9.2487	25.4606	0.0	5.458
28	7	2018	9.397	27.8403	0.0	5.492
29	7	2018	9.7686	29.4751	0.0	5.85
30	7	2018	13.3236	32.2077	0.0	6.615
31	7	2018	11.4815	24.169	0.0	5.606
1	8	2018	9.2385	26.295	0.0	5.497
2	8	2018	15.3139	29.3325	1.141	6.244
3	8	2018	14.5932	27.0152	16.137	6.25
4	8	2018	13.1588	23.4379	9.291	3.174
5	8	2018	14.1761	23.1274	0.326	4.156
6	8	2018	11.9199	28.2673	0.0	6.267
7	8	2018	13.4672	28.1119	0.0	5.32
8	8	2018	11.8379	28.6175	0.652	5.858
9	8	2018	13.1909	33.1102	0.0	5.556
10	8	2018	15.5379	36.7101	0.0	7.074
11	8	2018	14.7497	29.3964	0.0	5.265
12	8	2018	12.9663	21.3168	0.0	3.05
13	8	2018	9.0	14.4779	0.0	1.786
14	8	2018	4.8486	26.6018	0.0	5.539
15	8	2018	12.3514	27.8906	0.0	4.105
16	8	2018	10.2127	25.3295	0.0	3.93
17	8	2018	10.9804	29.7984	0.0	4.705
18	8	2018	10.235	22.7187	0.0	3.131
19	8	2018	4.2051	22.9361	0.0	4.741
20	8	2018	4.2725	22.2919	0.0	4.189
21	8	2018	7.6259	26.9515	2.608	6.019
22	8	2018	11.736	30.2085	0.0	7.675
23	8	2018	9.3388	22.2038	0.0	4.337
24	8	2018	8.8788	20.9271	0.0	3.197
25	8	2018	7.0764	16.7806	0.0	3.313
26	8	2018	7.3918	14.0291	6.683	1.122
27	8	2018	8.1076	13.8906	4.564	0.833
28	8	2018	7.9986	16.8322	0.0	3.484
29	8	2018	7.1814	25.7505	0.0	4.855
30	8	2018	9.9868	21.6931	0.0	4.273
31	8	2018	8.2582	19.1053	0.489	4.364
1	9	2018	7.9337	19.9398	0.0	3.53
2	9	2018	3.3768	19.5716	0.0	4.064
3	9	2018	6.1442	19.0027	0.0	2.3
4	9	2018	2.0155	12.606	0.0	3.145
5	9	2018	0.2739	20.9081	0.0	4.331
6	9	2018	3.7275	22.6612	0.0	4.925
7	9	2018	6.6455	22.8521	0.0	4.421
8	9	2018	11.848	20.5433	3.097	2.45
9	9	2018	10.7812	19.8237	0.0	4.452
10	9	2018	2.8085	16.3529	7.824	2.195
11	9	2018	7.217	14.9444	0.163	2.658
12	9	2018	4.5664	14.6225	1.63	1.291
13	9	2018	5.7837	10.6475	4.075	1.086
14	9	2018	2.4471	7.0253	0.0	1.393
15	9	2018	5.4327	9.3951	0.326	1.176
16	9	2018	4.8333	8.671	11.247	0.616
17	9	2018	3.9322	8.5685	0.815	1.263
18	9	2018	3.361	9.5626	0.0	1.589
19	9	2018	1.1635	13.53	0.0	2.378
20	9	2018	5.5918	12.8023	1.141	1.824
21	9	2018	-0.21	5.1919	3.26	0.45
22	9	2018	-0.5622	1.185	2.771	0.648
23	9	2018	-0.7085	1.7406	0.0	0.466
24	9	2018	1.0212	9.2425	0.0	2.046
25	9	2018	1.7296	12.639	3.423	3.088
26	9	2018	3.8537	15.4211	0.163	2.887
27	9	2018	-2.6619	6.1087	0.0	2.002
28	9	2018	-3.5112	6.3747	0.0	2.326
29	9	2018	-4.2589	5.1659	0.0	1.595
30	9	2018	-7.719	3.948	0.0	1.627
1	10	2018	-0.8787	2.3025	1.4	0.691
2	10	2018	-2.0347	4.0102	0.2	1.061
3	10	2018	-3.8542	5.1558	0.0	1.912
4	10	2018	-4.4299	6.0889	0.0	1.364
5	10	2018	-3.8829	8.1012	0.0	2.041
6	10	2018	-6.4342	12.1981	0.0	2.39
7	10	2018	-0.4864	13.2567	0.0	2.248
8	10	2018	-3.2819	0.3065	0.0	0.416
9	10	2018	-6.2288	3.6862	0.0	1.799
10	10	2018	-8.5802	4.7665	0.0	1.714
11	10	2018	-8.8412	6.4841	0.0	1.725
12	10	2018	-6.2391	4.4136	5.7	0.506
13	10	2018	-3.4507	-0.9474	0.0	0.765
14	10	2018	-9.5638	3.0852	0.2	1.364
15	10	2018	1.0413	13.0993	0.0	2.288
16	10	2018	-3.7178	9.2535	0.0	1.575
17	10	2018	-1.586	19.3751	0.0	2.652
18	10	2018	2.314	19.857	0.0	2.859
19	10	2018	-5.3158	12.3562	0.0	1.911
20	10	2018	-9.3128	13.5311	0.0	1.827
21	10	2018	-2.1042	13.8323	0.0	2.431
22	10	2018	-7.9391	9.2635	0.0	1.55
23	10	2018	-4.9026	14.5352	0.0	2.183
24	10	2018	-3.1153	18.0998	0.0	2.013
25	10	2018	-2.7267	13.1595	0.0	1.534
26	10	2018	-3.4296	7.3015	0.0	0.738
27	10	2018	-2.1935	12.4767	0.0	1.864
28	10	2018	-5.6397	8.4703	0.0	1.231
29	10	2018	1.3711	7.3748	0.0	1.366
30	10	2018	0.2194	5.8897	0.0	1.135
31	10	2018	-1.2175	8.3397	0.4	1.167
1	11	2018	-1.4595	3.2147	2.3	0.371
2	11	2018	-3.1213	-0.8691	0.0	0.303
3	11	2018	-3.9106	1.0197	0.0	0.727
4	11	2018	-0.847	3.8252	5.6	0.386
5	11	2018	-8.5948	2.7478	2.3	0.23
6	11	2018	-12.546	-8.1781	0.0	0.572
7	11	2018	-17.1449	-10.9696	0.0	0.336
8	11	2018	-14.4338	-10.7788	0.2	0.423
9	11	2018	-21.3723	-6.6704	1.0	0.297
10	11	2018	-9.6341	-6.1437	0.8	0.517
11	11	2018	-12.8674	-8.409	0.2	0.419
12	11	2018	-13.2489	-8.2398	0.0	0.503
13	11	2018	-8.1108	1.7165	0.0	0.699
14	11	2018	-6.8215	2.4887	0.3	0.598
15	11	2018	-5.6065	0.5618	0.2	0.349
16	11	2018	-22.9086	-5.968	0.0	0.229
17	11	2018	-22.3563	-7.2603	0.5	0.314
18	11	2018	-17.1148	-10.3872	0.6	0.266
19	11	2018	-20.6895	-1.0644	0.4	0.039
20	11	2018	-7.6017	-0.6622	0.0	0.221
21	11	2018	-6.5143	-2.7247	0.0	0.268
22	11	2018	-5.5362	4.1576	0.0	0.751
23	11	2018	-6.0283	2.3441	0.0	0.724
24	11	2018	-8.9011	-6.3165	0.0	0.273
25	11	2018	-9.2927	-6.937	0.0	0.23
26	11	2018	-8.9412	-5.6126	0.0	0.247
27	11	2018	-7.4089	-4.8685	0.0	0.297
28	11	2018	-8.4291	-6.3636	1.2	0.289
29	11	2018	-6.5735	-3.8242	0.0	0.257
30	11	2018	-7.1609	-4.254	0.0	0.227
1	12	2018	-7.9522	-5.8857	0.0	0.195
2	12	2018	-9.9454	-5.0322	0.0	0.191
3	12	2018	-11.9436	-7.5656	0.2	0.167
4	12	2018	-12.546	-7.5023	0.0	0.21
5	12	2018	-13.3393	-8.1781	0.2	0.268
6	12	2018	-16.8537	-8.1259	0.0	0.27
7	12	2018	-19.1933	-8.4894	0.4	0.345
8	12	2018	-20.8301	-8.8509	1.6	0.295
9	12	2018	-15.4178	-6.1247	0.0	0.393
10	12	2018	-17.6269	-1.0438	0.5	0.182
11	12	2018	-10.0357	-1.2737	0.0	0.453
12	12	2018	-7.2804	-0.2576	0.0	0.5
13	12	2018	-9.7244	1.2687	0.0	0.53
14	12	2018	-10.2466	3.1926	0.0	0.647
15	12	2018	-5.0467	4.4869	0.0	0.962
16	12	2018	-14.4037	-5.6547	0.0	0.325
17	12	2018	-8.7806	2.7247	0.0	0.407
18	12	2018	-7.9793	2.6162	0.6	0.414
19	12	2018	-7.2884	1.1211	0.0	0.535
20	12	2018	-9.5738	0.9946	0.0	0.464
21	12	2018	-3.3839	3.1384	0.3	0.686
22	12	2018	-8.9011	-3.6013	0.0	0.425
23	12	2018	-20.3782	-6.6749	0.0	0.183
24	12	2018	-19.9966	-11.6524	0.0	0.188
25	12	2018	-19.4042	-10.8541	0.0	0.269
26	12	2018	-14.9358	-7.9642	0.0	0.186
27	12	2018	-27.1962	-10.1161	0.0	0.173
28	12	2018	-28.1903	-5.5634	0.0	-0.002
29	12	2018	-13.3795	-6.0805	0.2	0.248
30	12	2018	-21.9948	-13.2891	0.4	0.241
31	12	2018	-32.6586	-21.9848	0.3	0.134
1	1	2019	-27.9995	-4.9026	0.3	-0.021
2	1	2019	-14.3033	2.6273	0.0	0.192
3	1	2019	-5.2491	1.2737	0.0	0.579
4	1	2019	-9.383	-1.2808	0.0	0.373
5	1	2019	-9.373	-4.6275	0.0	0.371
6	1	2019	-8.2484	-0.3238	0.2	0.241
7	1	2019	-14.8254	0.5277	0.4	0.28
8	1	2019	-25.3888	-15.0363	0.0	0.224
9	1	2019	-26.0716	-11.321	0.2	0.101
10	1	2019	-16.191	-9.604	0.0	0.346
11	1	2019	-15.1969	-11.7829	0.2	0.252
12	1	2019	-13.8514	-3.8945	0.0	0.428
13	1	2019	-14.484	-4.3735	0.0	0.431
14	1	2019	-8.8408	-5.3063	0.2	0.409
15	1	2019	-24.0583	-2.0881	0.0	0.22
16	1	2019	-24.6056	-16.1308	0.0	0.167
17	1	2019	-30.9516	-17.2252	0.0	0.2
18	1	2019	-32.8293	-20.8903	0.2	0.157
19	1	2019	-27.0958	-17.7976	0.2	0.171
20	1	2019	-19.5749	-15.0664	0.0	0.224
21	1	2019	-18.7214	-9.1421	0.0	0.204
22	1	2019	-19.9765	-5.9138	0.0	0.296
23	1	2019	-26.5787	-7.3547	0.2	0.225
24	1	2019	-31.1424	-13.3092	0.0	0.131
25	1	2019	-23.9228	-10.0357	0.0	0.205
26	1	2019	-15.0865	-9.1571	0.6	0.262
27	1	2019	-8.4291	3.9236	3.7	0.464
28	1	2019	-25.1076	-9.3429	0.0	0.391
29	1	2019	-31.524	-23.8826	0.2	0.186
30	1	2019	-26.7745	-18.0085	0.2	0.201
31	1	2019	-17.898	-5.2451	0.4	0.271
1	2	2019	-20.1673	-7.0605	1.4	0.219
2	2	2019	-24.5353	-19.3138	2.0	0.209
3	2	2019	-25.5996	-23.6918	0.0	0.195
4	2	2019	-25.5193	-23.3554	2.4	0.186
5	2	2019	-37.855	-23.2299	0.4	0.163
6	2	2019	-41.9166	-28.1802	0.3	0.107
7	2	2019	-39.9988	-27.1159	0.0	0.126
8	2	2019	-41.4849	-28.4815	0.0	0.11
9	2	2019	-37.1069	-22.5069	0.0	0.184
10	2	2019	-37.6893	-24.1437	0.0	0.133
11	2	2019	-28.8229	-17.9081	0.8	0.175
12	2	2019	-32.4678	-23.0793	0.2	0.188
13	2	2019	-31.2529	-21.1212	0.0	0.252
14	2	2019	-34.3255	-19.8259	0.0	0.234
15	2	2019	-35.2292	-22.5672	0.0	0.176
16	2	2019	-22.6676	-14.1125	1.0	0.257
17	2	2019	-20.9606	-14.976	0.4	0.37
18	2	2019	-28.3811	-18.0587	0.2	0.343
19	2	2019	-28.3811	-11.6724	0.0	0.341
20	2	2019	-27.8188	-13.5301	0.6	0.319
21	2	2019	-26.5837	-12.8573	0.4	0.408
22	2	2019	-28.4212	-13.0883	0.0	0.397
23	2	2019	-24.5302	-15.458	0.0	0.354
24	2	2019	-31.5541	-20.8702	0.2	0.304
25	2	2019	-33.472	-18.8017	0.0	0.266
26	2	2019	-30.801	-18.2796	0.0	0.303
27	2	2019	-18.6913	-7.4772	0.0	0.561
28	2	2019	-17.0847	-11.6122	0.4	0.602
1	3	2019	-29.2547	-16.2111	0.2	0.344
2	3	2019	-34.9079	-21.5229	0.0	0.239
3	3	2019	-24.716	-15.3676	0.0	0.438
4	3	2019	-19.0226	-9.9554	0.0	0.63
5	3	2019	-17.5164	-7.6911	0.0	0.857
6	3	2019	-26.6038	-11.4013	0.2	0.592
7	3	2019	-27.1761	-11.311	0.0	0.366
8	3	2019	-16.6127	-8.2383	0.0	0.792
9	3	2019	-15.9299	-4.752	0.0	0.922
10	3	2019	-23.8826	-9.6843	0.0	0.69
11	3	2019	-14.2631	-1.8079	0.0	0.967
12	3	2019	-3.4838	3.5953	0.0	1.466
13	3	2019	-4.75	3.8915	0.0	1.858
14	3	2019	-11.8934	2.6936	0.0	1.429
15	3	2019	-11.7628	0.9353	0.0	1.137
16	3	2019	-9.9152	3.5159	0.0	1.68
17	3	2019	-12.2649	3.0801	0.0	1.468
18	3	2019	-4.3725	6.4942	0.0	2.066
19	3	2019	-3.9387	8.651	0.0	2.12
20	3	2019	-3.1374	11.2216	0.0	2.368
21	3	2019	-3.9005	11.2115	0.0	2.457
22	3	2019	-2.5259	13.1093	0.0	2.56
23	3	2019	-3.4908	10.4986	0.0	2.257
24	3	2019	-6.5755	0.3319	0.0	1.799
25	3	2019	-8.8509	5.0884	0.0	1.699
26	3	2019	-1.3079	14.254	0.0	2.265
27	3	2019	-3.161	3.3492	2.3	0.95
28	3	2019	-6.4691	6.6267	0.0	2.224
29	3	2019	-5.3334	3.3061	0.0	1.871
30	3	2019	-5.7582	12.537	0.0	2.208
31	3	2019	-3.8297	5.0161	0.0	2.134
1	4	2019	-4.0712	8.6711	0.2	2.198
2	4	2019	-8.8709	1.2567	0.2	1.616
3	4	2019	-8.1008	8.7615	0.0	2.317
4	4	2019	-0.7461	10.1773	0.0	2.811
5	4	2019	-6.1729	7.7383	0.0	2.397
6	4	2019	0.3067	3.8734	0.0	0.539
7	4	2019	1.6975	16.202	0.0	3.717
8	4	2019	-1.832	15.6498	0.0	3.699
9	4	2019	-3.1113	7.19	0.0	1.761
10	4	2019	-6.5032	7.9783	0.0	2.676
11	4	2019	-6.5504	7.8708	0.0	2.969
12	4	2019	-8.7404	9.8359	0.0	2.867
13	4	2019	-4.9719	14.6657	0.0	4.107
14	4	2019	5.5684	15.459	0.0	3.353
15	4	2019	0.5849	12.2157	0.0	2.513
16	4	2019	-2.2307	12.7478	0.0	3.419
17	4	2019	1.1663	14.5954	0.0	3.235
18	4	2019	0.124	16.8547	0.0	4.211
19	4	2019	6.944	19.6261	0.0	5.2
20	4	2019	2.8733	16.7141	0.0	4.4
21	4	2019	-3.8021	13.3905	0.0	3.44
22	4	2019	-0.9333	21.2226	0.0	5.237
23	4	2019	6.4686	20.2286	0.0	5.527
24	4	2019	-0.0467	16.925	0.0	4.891
25	4	2019	-1.6643	11.573	0.0	3.776
26	4	2019	-6.5012	11.5429	0.0	2.571
27	4	2019	-4.0813	10.4886	0.0	3.392
28	4	2019	-5.5664	5.6949	0.0	2.671
29	4	2019	-9.6642	7.9983	0.0	2.841
30	4	2019	-4.8484	10.2877	0.0	3.349
1	5	2019	-14.3836	8.4201	5.6	2.186
2	5	2019	-3.9487	8.2393	0.2	1.685
3	5	2019	-5.5965	10.6994	0.0	2.186
4	5	2019	-7.0394	8.7313	0.0	3.149
5	5	2019	-4.98	4.991	0.0	2.202
6	5	2019	-7.8287	11.2617	0.0	3.41
7	5	2019	2.4731	13.6616	0.0	3.669
8	5	2019	-3.6696	11.7337	0.0	4.023
9	5	2019	-1.6382	14.6958	0.0	4.465
10	5	2019	5.3254	15.5192	5.0	3.396
11	5	2019	4.1323	15.7149	0.0	2.962
12	5	2019	5.7304	21.6447	0.0	4.72
13	5	2019	7.0269	20.7707	0.0	5.237
14	5	2019	0.7531	20.0069	0.0	4.493
15	5	2019	1.6241	14.8246	0.326	2.185
16	5	2019	-2.8781	13.7098	0.0	4.547
17	5	2019	-2.167	16.1616	0.0	4.452
18	5	2019	1.5137	14.6787	0.0	5.251
19	5	2019	-2.1822	15.2007	0.0	4.712
20	5	2019	-0.8524	18.2052	0.0	5.132
21	5	2019	1.8433	21.4204	0.0	5.852
22	5	2019	2.656	23.1405	0.0	6.143
23	5	2019	3.7628	23.8937	0.0	6.48
24	5	2019	7.7076	22.5624	0.163	4.942
25	5	2019	3.4968	13.3342	5.705	1.355
26	5	2019	-0.9247	17.066	0.163	4.367
27	5	2019	2.7697	22.6793	0.0	6.331
28	5	2019	7.1732	27.1996	0.0	6.607
29	5	2019	10.1702	30.1504	0.0	8.692
30	5	2019	9.8856	31.6634	0.0	8.165
31	5	2019	5.1935	19.7952	0.0	4.654
1	6	2019	4.1602	23.2978	0.0	5.695
2	6	2019	9.7552	32.4306	0.0	8.006
3	6	2019	5.7331	34.0275	0.0	8.254
4	6	2019	11.5923	23.1196	0.0	7.529
5	6	2019	11.7271	23.3346	0.326	7.67
6	6	2019	14.2369	25.8246	0.0	5.751
7	6	2019	7.951	19.6142	1.467	4.749
8	6	2019	4.2256	15.2291	0.0	4.894
9	6	2019	6.2823	16.5681	3.912	5.425
10	6	2019	3.9063	22.4008	0.0	6.145
11	6	2019	8.6905	20.3934	0.652	5.054
12	6	2019	6.1995	22.7004	1.63	3.594
13	6	2019	9.0872	26.5994	0.326	4.469
14	6	2019	12.6226	20.4629	1.304	2.971
15	6	2019	11.0466	14.2323	0.652	1.466
16	6	2019	8.1317	17.3898	0.0	3.605
17	6	2019	5.1564	21.4581	0.0	5.126
18	6	2019	7.8809	26.4199	0.0	7.054
19	6	2019	11.6724	24.9914	4.075	6.51
20	6	2019	10.1641	13.0967	37.327	0.987
21	6	2019	6.4817	19.0377	9.128	3.269
22	6	2019	11.7587	17.8649	36.186	2.787
23	6	2019	11.0091	21.1112	0.0	4.75
24	6	2019	9.347	18.8704	0.0	4.174
25	6	2019	11.2985	18.656	3.097	3.388
26	6	2019	9.6818	22.9883	0.0	5.712
27	6	2019	10.8689	24.7503	0.0	5.117
28	6	2019	14.793	22.8551	12.551	3.766
29	6	2019	14.9374	24.9573	0.0	5.977
30	6	2019	10.6272	21.4512	0.0	5.559
1	7	2019	8.7004	27.0472	14.181	6.323
2	7	2019	5.5093	19.3945	0.0	4.919
3	7	2019	9.4809	18.8662	0.652	4.182
4	7	2019	8.1789	21.0317	0.163	5.777
5	7	2019	12.3688	20.2131	0.0	4.033
6	7	2019	13.8484	25.0547	0.815	5.498
7	7	2019	15.2991	26.9801	0.0	6.224
8	7	2019	14.1614	23.5639	0.163	5.273
9	7	2019	12.2867	22.9496	0.0	5.303
10	7	2019	9.7855	25.6473	0.0	5.706
11	7	2019	14.9541	22.1151	0.0	5.597
12	7	2019	9.715	23.9828	0.0	5.13
13	7	2019	13.0168	28.0769	0.0	5.807
14	7	2019	15.9204	27.2638	3.423	5.945
15	7	2019	13.7296	24.203	0.815	5.707
16	7	2019	10.445	18.9371	4.89	2.187
17	7	2019	14.0972	22.4138	0.0	4.26
18	7	2019	10.7621	24.3935	3.26	5.199
19	7	2019	9.4879	17.6227	3.097	1.812
20	7	2019	9.599	23.3701	0.163	4.763
21	7	2019	12.757	25.1897	0.0	6.036
22	7	2019	11.912	26.9547	0.0	6.262
23	7	2019	15.2669	29.3853	0.0	6.59
24	7	2019	16.0648	29.1281	0.652	4.909
25	7	2019	12.7478	17.8286	8.802	1.847
26	7	2019	14.0575	24.911	0.0	6.318
27	7	2019	12.1389	31.2298	0.0	6.758
28	7	2019	8.8413	18.9194	0.489	3.415
29	7	2019	5.8558	23.6135	0.0	5.335
30	7	2019	12.346	29.2196	0.652	5.877
31	7	2019	13.803	25.2009	0.0	5.869
1	8	2019	12.7499	30.807	0.489	5.051
2	8	2019	17.8324	33.8218	0.0	7.925
3	8	2019	15.8108	28.8047	0.0	6.421
4	8	2019	11.0231	25.3058	0.0	6.273
5	8	2019	10.8974	28.3052	0.0	6.166
6	8	2019	10.9804	19.5048	0.652	3.561
7	8	2019	5.1361	21.4514	0.0	5.078
8	8	2019	6.6861	22.0721	0.0	3.583
9	8	2019	10.7586	22.9635	4.727	3.185
10	8	2019	8.5282	20.1464	0.0	4.555
11	8	2019	6.0776	22.136	0.0	4.289
12	8	2019	10.142	18.1152	0.0	2.434
13	8	2019	5.9117	22.3364	0.0	4.395
14	8	2019	11.4372	23.8955	0.0	5.621
15	8	2019	9.8768	25.3278	1.793	4.881
16	8	2019	11.9164	20.6938	0.0	3.509
17	8	2019	5.7933	16.7217	0.0	4.931
18	8	2019	2.7578	19.3122	0.0	3.704
19	8	2019	3.8646	19.0009	0.0	4.353
20	8	2019	3.6905	23.5689	0.0	5.096
21	8	2019	6.167	25.9794	0.0	5.65
22	8	2019	11.7975	27.6508	15.974	4.622
23	8	2019	11.9657	20.4737	0.163	3.86
24	8	2019	13.8647	28.0688	0.0	5.036
25	8	2019	13.3975	20.9571	13.04	2.512
26	8	2019	7.8327	17.9181	0.0	3.326
27	8	2019	10.296	18.5995	0.489	3.73
28	8	2019	8.9788	23.2806	1.467	5.049
29	8	2019	6.9645	19.3629	0.0	4.358
30	8	2019	5.7821	17.3276	0.0	1.949
31	8	2019	8.3124	21.0377	2.934	4.049
1	9	2019	7.2427	21.1863	0.163	4.263
2	9	2019	10.6186	18.2826	14.344	1.975
3	9	2019	8.4268	23.957	0.0	4.729
4	9	2019	10.743	18.6783	2.119	1.646
5	9	2019	8.5343	22.0237	0.163	3.976
6	9	2019	6.5906	20.6433	0.0	4.007
7	9	2019	7.1552	21.9772	0.0	3.808
8	9	2019	9.527	20.8004	0.0	4.165
9	9	2019	10.1324	14.3611	0.0	1.579
10	9	2019	8.3348	11.1701	6.846	1.016
11	9	2019	8.4994	11.9993	3.586	0.5
12	9	2019	6.8024	15.9726	0.0	2.158
13	9	2019	2.7202	21.1883	0.0	3.345
14	9	2019	8.4325	22.7026	0.0	3.779
15	9	2019	9.3223	26.9599	0.0	4.594
16	9	2019	11.2433	31.6919	0.0	4.747
17	9	2019	14.0906	26.3093	0.0	4.543
18	9	2019	10.5397	21.2719	0.0	3.871
19	9	2019	10.3397	22.1755	0.326	3.017
20	9	2019	10.8264	19.7766	0.0	3.138
21	9	2019	5.6808	16.9939	0.0	3.237
22	9	2019	6.4699	24.9919	0.0	4.484
23	9	2019	9.9758	19.8604	0.0	4.447
24	9	2019	7.2407	14.9019	2.934	2.933
25	9	2019	2.285	14.0344	0.652	2.263
26	9	2019	2.1162	9.5897	10.595	0.761
27	9	2019	1.2278	6.1901	0.326	1.599
28	9	2019	0.505	5.4679	0.0	1.35
29	9	2019	0.1559	4.5586	1.63	1.124
30	9	2019	0.2224	1.6006	10.921	0.56
1	10	2019	0.6789	4.2237	0.2	0.754
2	10	2019	-1.8219	9.9063	0.0	2.11
3	10	2019	-0.7791	11.5117	0.0	1.64
4	10	2019	2.6773	8.2255	0.0	1.025
5	10	2019	-0.7619	12.4531	0.0	1.849
6	10	2019	4.1277	14.8956	0.0	3.222
7	10	2019	3.9844	19.2741	0.0	4.247
8	10	2019	-1.7081	10.3141	0.0	1.09
9	10	2019	-6.1949	2.3815	0.2	1.573
10	10	2019	-9.5114	3.6596	0.2	1.708
11	10	2019	-9.1151	5.9584	0.0	1.904
12	10	2019	-8.0865	6.8643	0.0	1.971
13	10	2019	-8.3492	9.6963	0.0	1.849
14	10	2019	-1.0004	2.588	1.9	0.653
15	10	2019	-2.2697	5.4205	0.0	1.226
16	10	2019	0.4787	11.1589	0.0	2.128
17	10	2019	1.4116	17.9277	0.0	2.615
18	10	2019	-1.4393	14.4119	0.3	2.046
19	10	2019	1.0296	14.0241	0.0	2.377
20	10	2019	-4.7835	6.1073	0.2	1.181
21	10	2019	-4.6326	7.9358	0.3	1.598
22	10	2019	-4.5858	6.1173	0.0	1.526
23	10	2019	-5.795	4.2952	0.0	0.583
24	10	2019	-7.3419	7.1899	0.0	1.379
25	10	2019	-0.0496	16.3921	0.3	2.217
26	10	2019	-6.1887	6.8166	2.0	0.635
27	10	2019	-9.3954	-6.0169	1.2	0.542
28	10	2019	-8.7506	-5.7419	3.5	0.564
29	10	2019	-12.7968	-6.0941	0.0	0.58
30	10	2019	-17.731	-1.7175	0.5	0.574
31	10	2019	-3.8892	2.2369	0.6	0.581
1	11	2019	-2.735	2.7835	0.0	0.853
2	11	2019	-4.4143	3.9982	0.0	1.011
3	11	2019	-7.4413	0.8053	0.9	0.432
4	11	2019	-12.8146	-5.3409	0.0	0.57
5	11	2019	-14.5516	-6.0592	1.2	0.369
6	11	2019	-18.5785	-8.4938	0.3	0.573
7	11	2019	-20.5686	-5.7121	0.0	0.45
8	11	2019	-5.5351	1.3322	0.2	0.482
9	11	2019	-13.8369	-0.321	0.8	0.537
10	11	2019	-21.1776	-12.2091	0.2	0.342
11	11	2019	-23.2462	-10.0113	0.2	0.371
12	11	2019	-13.0623	-2.7785	0.0	0.389
13	11	2019	-16.5372	-0.7973	0.0	0.339
14	11	2019	-5.9114	-1.2017	0.0	0.71
15	11	2019	-8.6017	1.5403	0.0	0.32
16	11	2019	-1.5103	1.2783	4.2	0.356
17	11	2019	-2.7545	3.7263	0.0	0.624
18	11	2019	0.5979	5.9498	0.0	0.953
19	11	2019	-5.0756	1.227	0.0	0.314
20	11	2019	-6.7404	-1.9634	0.0	0.696
21	11	2019	-4.5893	3.0285	0.0	0.922
22	11	2019	-4.7414	4.7506	0.0	1.144
23	11	2019	-1.0632	10.2809	0.0	1.664
24	11	2019	-1.2754	1.5765	1.3	0.395
25	11	2019	-7.3461	-1.6312	0.2	0.359
26	11	2019	-9.1926	-3.1922	1.1	0.207
27	11	2019	-10.2255	-5.431	0.0	0.258
28	11	2019	-8.6087	-5.5539	0.7	0.293
29	11	2019	-10.4847	-6.2063	1.0	0.273
30	11	2019	-14.2986	-8.1009	0.4	0.234
1	12	2019	-15.8023	-7.0428	0.0	0.347
2	12	2019	-15.9196	-3.1132	0.0	0.289
3	12	2019	-7.9648	3.2502	0.0	0.743
4	12	2019	-6.9511	-0.7753	0.0	0.495
5	12	2019	-17.7625	-5.736	0.2	0.212
6	12	2019	-12.3208	-6.4814	0.0	0.161
7	12	2019	-14.7963	-6.9801	0.0	0.259
8	12	2019	-22.823	-15.07	0.0	0.278
9	12	2019	-26.715	-10.6247	0.0	0.171
10	12	2019	-27.8717	-19.1304	0.0	0.192
11	12	2019	-29.1236	-18.0744	0.0	0.185
12	12	2019	-19.7565	-12.9255	0.6	0.186
13	12	2019	-28.33	-13.717	0.2	0.14
14	12	2019	-29.7783	-12.965	0.0	0.136
15	12	2019	-20.1006	-10.7425	0.0	0.243
16	12	2019	-15.9466	-4.2625	0.0	0.392
17	12	2019	-16.8005	-6.3572	0.0	0.25
18	12	2019	-11.7837	0.0524	0.0	0.456
19	12	2019	-12.2477	-4.082	0.0	0.356
20	12	2019	-12.6583	2.8758	0.0	0.457
21	12	2019	-13.8285	-4.6117	0.0	0.111
22	12	2019	-10.7675	-0.1018	0.0	0.388
23	12	2019	-10.9392	-5.7388	0.0	0.122
24	12	2019	-7.2512	-6.1963	0.0	0.133
25	12	2019	-6.6712	-2.7888	3.2	0.201
26	12	2019	-15.9484	-6.8316	0.0	0.369
27	12	2019	-15.5223	-7.9622	0.0	0.457
28	12	2019	-17.7159	-8.5126	0.0	0.335
29	12	2019	-22.6431	-9.0212	0.0	0.213
30	12	2019	-17.489	-9.7805	0.0	0.167
31	12	2019	-15.2825	-0.8677	0.0	0.315
1	1	2020	-9.0418	-3.9314	0.0	0.186
2	1	2020	-7.6636	-2.7063	0.0	0.331
3	1	2020	-12.745	-4.3803	0.0	0.31
4	1	2020	-8.1783	4.6307	0.0	0.718
5	1	2020	-12.8875	-3.1902	0.0	0.587
6	1	2020	-19.9485	-3.6524	0.0	0.373
7	1	2020	-26.7566	-18.1979	0.2	0.224
8	1	2020	-21.245	-10.2007	0.3128	0.175
9	1	2020	-27.621	-14.614	0.4878	0.172
10	1	2020	-31.9999	-19.3297	0.1379	0.153
11	1	2020	-20.9353	-11.0463	3.6148	0.19
12	1	2020	-27.158	-11.9962	1.3806	0.15
13	1	2020	-30.6111	-25.1213	0.4505	0.13
14	1	2020	-34.044	-26.4339	0.1883	0.133
15	1	2020	-36.8234	-29.0479	0.4538	0.107
16	1	2020	-38.1575	-20.0752	0.0	0.055
17	1	2020	-22.2043	-18.9923	5.5766	0.192
18	1	2020	-29.0064	-21.9404	0.8179	0.172
19	1	2020	-30.5206	-21.139	0.1847	0.188
20	1	2020	-20.7709	0.9153	0.0228	0.407
21	1	2020	-13.6436	1.9232	0.0	0.61
22	1	2020	-15.849	-5.5863	0.0	0.154
23	1	2020	-11.2923	-2.9856	0.0	0.51
24	1	2020	-6.3418	-0.6461	0.0	0.702
25	1	2020	-4.9382	0.7854	0.0	0.46
26	1	2020	-8.9905	-4.1449	0.0383	0.453
27	1	2020	-8.8074	-3.8558	0.0	0.234
28	1	2020	-4.083	-1.4378	0.3847	0.324
29	1	2020	-6.9384	-3.3843	0.0	0.291
30	1	2020	-10.4727	-0.082	2.0691	0.596
31	1	2020	-7.9761	1.7597	0.0077	1.08
1	2	2020	-6.483	5.678	0.0	0.938
2	2	2020	-14.0021	0.1116	0.0	0.97
3	2	2020	-22.5141	-14.1594	0.0	0.331
4	2	2020	-21.3709	-5.3124	0.0	0.425
5	2	2020	-14.2201	-8.3278	0.3849	0.424
6	2	2020	-19.8523	-13.5433	0.0697	0.284
7	2	2020	-15.6735	-4.5729	0.3848	0.478
8	2	2020	-11.4603	-4.6982	0.0	0.4
9	2	2020	-14.9517	-4.1268	0.0	0.524
10	2	2020	-10.8157	-3.8618	0.0	0.74
11	2	2020	-19.0308	-3.507	0.0	0.413
12	2	2020	-32.0719	-20.7554	0.1118	0.258
13	2	2020	-31.935	-8.0098	0.0474	0.243
14	2	2020	-12.9983	-3.4706	0.0	0.698
15	2	2020	-23.1317	-13.4461	0.014	0.46
16	2	2020	-16.0041	-8.793	0.0082	0.554
17	2	2020	-25.0058	-12.4734	0.634	0.334
18	2	2020	-30.8773	-19.9488	0.2299	0.31
19	2	2020	-31.418	-12.531	0.0568	0.285
20	2	2020	-16.0465	0.9189	0.0	0.889
21	2	2020	-11.295	0.852	0.0	1.088
22	2	2020	-7.5212	1.3991	0.0	0.877
23	2	2020	-11.9734	-0.2843	0.0	1.235
24	2	2020	-16.8935	-4.6712	0.0	0.953
25	2	2020	-19.3525	-4.8779	0.0	0.867
26	2	2020	-15.9695	-1.5161	0.0	0.859
27	2	2020	-10.9186	1.0856	0.0	0.857
28	2	2020	-8.6469	4.5354	0.0	1.471
29	2	2020	-8.1041	5.745	0.929	1.429
1	3	2020	-10.9174	-1.5778	6.0268	0.774
2	3	2020	-6.7862	2.3459	0.6739	0.961
3	3	2020	-12.1832	1.6108	0.433	0.671
4	3	2020	-4.0441	3.5957	2.699	1.161
5	3	2020	-6.0476	0.0939	0.7228	1.006
6	3	2020	-2.4125	7.6959	0.2079	1.931
7	3	2020	-14.2515	-3.11	0.3194	0.366
8	3	2020	-16.7416	-11.623	0.3322	0.762
9	3	2020	-19.988	-0.9008	0.0	1.02
10	3	2020	-11.5488	2.7652	0.1162	1.605
11	3	2020	-5.5061	2.8975	0.0	1.556
12	3	2020	-11.8851	-4.0813	0.0	1.131
13	3	2020	-19.0903	-11.6164	0.0	0.769
14	3	2020	-19.281	-12.1114	0.0	0.547
15	3	2020	-13.9938	-9.3246	2.1704	0.763
16	3	2020	-20.243	-2.6524	0.0	0.925
17	3	2020	-15.7423	-7.068	0.0	0.978
18	3	2020	-20.2134	-8.6411	0.0	0.974
19	3	2020	-20.7662	-8.3119	0.0	1.064
20	3	2020	-21.8438	-2.3166	0.0	1.088
21	3	2020	-11.3299	0.0594	0.0	1.377
22	3	2020	-10.9405	4.2405	0.0	1.981
23	3	2020	-10.6165	-0.4332	0.0	1.192
24	3	2020	-11.1108	-2.5975	5.398	1.092
25	3	2020	-14.8992	-2.3689	0.0737	1.043
26	3	2020	-14.2609	4.6496	0.1262	1.695
27	3	2020	-5.1069	4.2827	0.0	2.378
28	3	2020	-5.0781	4.2379	0.0	2.129
29	3	2020	-5.7359	11.5853	0.0	2.553
30	3	2020	-4.532	5.1441	0.0	1.367
31	3	2020	-13.3435	-3.7913	4.437	0.973
1	4	2020	-16.8569	-13.4266	1.4511	0.671
2	4	2020	-19.1901	-11.7901	0.0064	1.057
3	4	2020	-19.8525	-7.877	0.1241	1.234
4	4	2020	-15.2256	-8.2363	8.8124	0.701
5	4	2020	-14.8099	-2.9689	0.9256	0.949
6	4	2020	-8.6812	1.2236	9.1225	0.854
7	4	2020	-12.196	2.9111	0.0	1.603
8	4	2020	-8.6089	-0.734	0.0	1.646
9	4	2020	-16.5711	3.496	0.0	1.723
10	4	2020	-2.0748	3.9644	0.0	2.47
11	4	2020	-7.5884	-1.9709	0.0	1.486
12	4	2020	-10.5324	-5.9166	0.0	1.469
13	4	2020	-12.6604	-6.1583	0.0	1.539
14	4	2020	-12.2465	2.9187	0.0	2.49
15	4	2020	-7.9876	-1.3757	0.0	2.114
16	4	2020	-5.0147	4.1374	0.0	2.469
17	4	2020	0.551	10.6576	0.0	3.12
18	4	2020	-2.5145	3.2606	0.0	2.533
19	4	2020	-3.8746	12.2383	0.0	3.452
20	4	2020	0.3723	7.1177	0.0	3.145
21	4	2020	-1.3139	19.6428	0.0	4.791
22	4	2020	1.5574	15.0323	0.0	3.76
23	4	2020	-0.0117	16.8212	0.0	4.168
24	4	2020	0.0918	13.4863	0.0	2.842
25	4	2020	-0.5369	17.6827	0.0	4.858
26	4	2020	3.7748	12.2152	2.1084	3.131
27	4	2020	-0.2954	15.576	0.0	3.496
28	4	2020	2.1198	17.5899	0.0	4.951
29	4	2020	2.3935	22.3429	0.0	5.158
30	4	2020	6.258	27.5829	0.0	6.08
1	5	2020	5.4493	16.2953	0.0	4.045
2	5	2020	-0.0995	16.5312	0.0412	4.651
3	5	2020	-1.4204	17.1863	0.4	4.387
4	5	2020	5.9781	14.5938	5.8	3.903
5	5	2020	0.4649	18.1315	0.0	4.31
6	5	2020	3.4015	19.0988	0.0	5.261
7	5	2020	-0.6095	17.1344	0.0	4.968
8	5	2020	1.0362	17.2588	4.8	3.348
9	5	2020	0.3663	5.6994	6.2	2.041
10	5	2020	-2.7794	8.0931	0.0	3.548
11	5	2020	-4.1843	9.7708	0.0	3.448
12	5	2020	-3.4659	13.5723	0.0	4.132
13	5	2020	1.8249	12.8539	0.0	3.798
14	5	2020	-0.3578	18.992	0.0	5.509
15	5	2020	-0.9937	13.7119	0.0	4.885
16	5	2020	2.2578	23.7189	0.2	6.507
17	5	2020	12.7469	25.988	0.0	8.55
18	5	2020	11.83	25.6247	0.0	5.106
19	5	2020	11.9625	25.182	0.0	6.677
20	5	2020	9.335	14.8869	32.0	2.269
21	5	2020	9.8205	20.5938	0.2	5.133
22	5	2020	8.0876	19.7176	0.0	6.051
23	5	2020	4.0728	14.0718	0.0	4.532
24	5	2020	8.1489	19.4642	0.0	6.225
25	5	2020	8.6461	25.2264	0.0	6.845
26	5	2020	12.4526	20.2465	1.4	4.269
27	5	2020	8.1139	15.9542	0.4	5.111
28	5	2020	5.6278	17.2388	0.2	5.799
29	5	2020	5.5706	17.1606	0.0	3.271
30	5	2020	7.448	24.4314	0.0	6.293
31	5	2020	10.7548	30.1839	0.0	7.783
1	6	2020	14.5543	23.6364	0.0	8.814
2	6	2020	10.5337	23.2466	0.0	7.051
3	6	2020	10.5997	17.5932	0.0	6.021
4	6	2020	7.7529	15.2567	0.0	3.308
5	6	2020	4.112	17.1381	0.0	3.672
6	6	2020	9.0537	13.9027	5.0	1.753
7	6	2020	8.7719	15.5362	21.6	1.859
8	6	2020	6.7839	13.4762	0.2	2.625
9	6	2020	5.4644	19.7254	0.0	5.589
10	6	2020	9.4756	21.8217	0.0	5.757
11	6	2020	8.216	19.3017	0.0	5.643
12	6	2020	7.0433	27.1738	0.0	7.393
13	6	2020	14.9019	29.9275	0.0	7.769
14	6	2020	12.7223	23.4842	2.0	3.155
15	6	2020	9.7474	21.0552	0.6	5.085
16	6	2020	9.114	23.4975	14.8	4.235
17	6	2020	8.1984	15.1496	32.2	1.672
18	6	2020	7.0863	15.3104	5.4	3.408
19	6	2020	7.4854	15.1087	0.0	3.969
20	6	2020	6.6014	14.525	0.0	3.469
21	6	2020	3.9887	17.006	0.0	4.943
22	6	2020	5.803	23.8297	0.0	6.236
23	6	2020	11.979	28.0739	0.0	6.139
24	6	2020	15.608	25.092	0.4	4.604
25	6	2020	14.9193	25.0141	0.0	6.701
26	6	2020	12.1083	28.896	5.2	6.589
27	6	2020	14.217	19.5109	0.2	3.242
28	6	2020	13.0842	18.7953	0.0	2.785
29	6	2020	14.7806	18.1407	0.0	2.301
30	6	2020	13.7548	19.31	4.4	0.934
1	7	2020	14.9301	22.95	9.0	5.656
2	7	2020	11.8312	22.3148	2.4	5.083
3	7	2020	10.9201	25.2915	0.0	6.991
4	7	2020	13.2302	27.6648	0.0	5.604
5	7	2020	12.9857	21.8025	0.6	5.612
6	7	2020	9.7533	22.9582	0.0	6.114
7	7	2020	14.2793	27.8914	4.8	5.391
8	7	2020	13.7545	19.6885	2.2	3.406
9	7	2020	13.7519	21.5441	1.8	4.253
10	7	2020	9.6896	24.1926	2.0	3.494
11	7	2020	9.415	24.6832	0.2	6.082
12	7	2020	14.0043	24.8657	0.2	4.672
13	7	2020	10.0833	17.847	8.6	2.953
14	7	2020	11.2783	19.3304	2.4	4.626
15	7	2020	13.3634	21.9203	0.0	5.506
16	7	2020	8.9104	26.2614	0.0	6.122
17	7	2020	14.9044	24.2068	1.2	6.109
18	7	2020	11.9228	21.7997	1.8	5.016
19	7	2020	10.5108	22.6878	0.0	4.975
20	7	2020	12.8711	22.6416	3.4	3.941
21	7	2020	10.3137	24.8759	0.2	4.921
22	7	2020	14.5649	31.0074	0.0	7.019
23	7	2020	20.1354	30.45	1.2	4.254
24	7	2020	15.7569	26.7322	0.0	6.561
25	7	2020	11.3361	19.7026	0.0	4.508
26	7	2020	11.4608	24.0142	0.0	5.86
27	7	2020	9.4873	27.8055	0.0	6.289
28	7	2020	11.3789	31.7689	0.0	6.911
29	7	2020	15.1981	33.5241	0.0	6.95
30	7	2020	15.4892	31.712	0.0	5.908
31	7	2020	14.59	25.623	0.0	6.424
1	8	2020	9.822	28.6265	0.0	5.963
2	8	2020	11.1282	28.6649	0.0	5.768
3	8	2020	16.6639	29.2501	0.4	7.778
4	8	2020	13.3291	27.2159	0.2	5.87
5	8	2020	8.1592	29.0694	0.0	6.201
6	8	2020	12.4622	33.7063	0.0	7.775
7	8	2020	13.0922	24.2341	0.4	5.129
8	8	2020	12.2218	24.2681	3.4	7.032
9	8	2020	9.1282	21.0444	3.8	5.407
10	8	2020	8.1457	23.1307	0.0	6.213
11	8	2020	10.8537	24.0461	0.0	5.29
12	8	2020	11.6811	27.7867	0.0	5.583
13	8	2020	8.7981	24.1643	0.0	5.048
14	8	2020	10.481	23.2365	3.2	4.97
15	8	2020	8.1468	24.1567	0.0	5.58
16	8	2020	9.4804	27.6715	0.0	5.392
17	8	2020	11.243	35.0218	0.0	5.907
18	8	2020	11.8799	34.9972	0.0	6.708
19	8	2020	13.9149	32.1025	0.0	6.389
20	8	2020	14.7874	30.8775	0.0	5.152
21	8	2020	14.0964	26.6782	0.0	5.798
22	8	2020	9.6403	31.3932	0.0	6.077
23	8	2020	8.3929	27.2587	0.0	6.032
24	8	2020	11.791	27.4034	0.0	6.728
25	8	2020	13.1418	23.8869	0.8	4.563
26	8	2020	9.4288	24.149	0.0	4.22
27	8	2020	8.1791	20.9176	8.8	2.577
28	8	2020	7.2091	21.581	0.4	4.767
29	8	2020	9.5042	31.2146	0.0	7.169
30	8	2020	7.3255	15.4666	0.0	3.588
31	8	2020	3.62	17.9524	0.0	4.93
1	9	2020	8.4078	20.7668	0.0	5.619
2	9	2020	8.7921	15.5226	8.0	2.084
3	9	2020	4.7203	20.5424	0.4	4.197
4	9	2020	3.9474	22.2026	0.0	4.024
5	9	2020	8.2596	28.3487	0.0	4.599
6	9	2020	7.5217	15.5265	0.0	3.443
7	9	2020	0.5012	8.2846	0.0	2.431
8	9	2020	-4.8494	13.7032	0.0	2.875
9	9	2020	3.0886	18.7774	0.0	3.684
10	9	2020	5.948	25.8488	0.0	4.436
11	9	2020	9.3523	30.1884	0.0	6.659
12	9	2020	5.991	14.6308	1.8	2.189
13	9	2020	-0.5213	13.76	0.2	1.95
14	9	2020	5.3692	16.1423	0.0	2.715
15	9	2020	4.583	12.2054	0.0	1.467
16	9	2020	-1.5864	12.7651	0.0	2.811
17	9	2020	3.0859	15.6218	0.0	3.549
18	9	2020	-1.0742	24.194	0.0	3.684
19	9	2020	8.3857	26.1762	0.0	4.309
20	9	2020	11.919	20.8669	8.4	3.016
21	9	2020	8.7172	22.1526	0.6	4.2
22	9	2020	8.7767	19.4406	0.0	3.704
23	9	2020	9.3272	20.8314	0.0	3.566
24	9	2020	9.9471	23.4138	0.0	4.88
25	9	2020	4.7305	21.0154	0.0	4.488
26	9	2020	9.488	15.4553	1.8	1.971
27	9	2020	6.0573	14.6376	1.0	2.7
28	9	2020	1.6508	21.4752	0.2	3.221
29	9	2020	8.2667	17.9243	0.0	4.581
30	9	2020	0.8648	11.0973	0.0	2.595
1	10	2020	-3.8985	10.3309	0.1438	1.684
2	10	2020	2.2383	15.1565	0.0	2.672
3	10	2020	-2.2607	14.7368	0.0069	2.121
4	10	2020	9.061	21.9216	0.3089	3.586
5	10	2020	6.4479	17.7269	0.1071	3.654
6	10	2020	5.9189	18.6974	0.0263	3.73
7	10	2020	-0.1366	14.8795	0.2729	2.841
8	10	2020	7.417	20.3966	0.267	4.116
9	10	2020	0.8223	10.9653	1.3969	1.973
10	10	2020	1.0563	23.7228	0.0838	3.932
11	10	2020	4.6809	17.1052	0.0	3.388
12	10	2020	-2.6828	11.3314	0.0676	2.446
13	10	2020	0.5184	9.7418	0.0	2.726
14	10	2020	-5.8068	6.0761	0.0824	2.209
15	10	2020	-5.7948	3.8292	0.1503	1.927
16	10	2020	-10.8114	2.3457	0.3331	1.517
17	10	2020	-12.1793	-2.0687	0.0	1.116
18	10	2020	-5.6143	-2.7541	0.0	1.169
19	10	2020	-8.1005	-1.257	0.0	1.26
20	10	2020	-7.5872	-3.141	1.4225	0.522
21	10	2020	-6.2458	-1.055	0.086	1.144
22	10	2020	-12.8008	-3.405	0.0	0.81
23	10	2020	-15.4582	-4.219	0.0298	0.745
24	10	2020	-7.8128	-4.6929	0.0	0.731
25	10	2020	-12.0436	-3.5122	0.0	0.974
26	10	2020	-12.0681	2.2959	0.0093	1.445
27	10	2020	-3.9354	9.8591	0.9881	1.31
28	10	2020	-5.5022	3.8302	1.1985	0.262
29	10	2020	-5.4689	5.7907	0.5306	0.741
30	10	2020	-0.6326	10.0396	0.0	1.088
31	10	2020	-8.5193	-0.2145	0.0	0.897
1	11	2020	-7.397	12.6138	0.1564	1.888
2	11	2020	2.4785	16.3126	0.0	2.787
3	11	2020	0.3221	14.4218	0.0	2.059
4	11	2020	-0.9469	12.4793	0.0	1.551
5	11	2020	-0.2536	16.05	0.0	1.816
6	11	2020	-0.8496	6.1478	0.0	0.881
7	11	2020	-3.3247	1.3216	13.6297	0.378
8	11	2020	-10.2343	-3.6983	20.834	0.195
9	11	2020	-19.2691	-10.5076	7.9474	0.333
10	11	2020	-17.018	-8.4854	0.0581	0.289
11	11	2020	-19.2599	-5.8387	3.8326	0.168
12	11	2020	-25.9701	-11.5149	0.4429	0.253
13	11	2020	-13.3553	-1.6284	0.0	0.566
14	11	2020	-9.3843	-1.8215	0.0	0.45
15	11	2020	-9.0368	-6.9989	0.0522	0.294
16	11	2020	-8.0685	-6.8257	0.2336	0.246
17	11	2020	-8.0068	-2.8376	0.0	0.195
18	11	2020	-4.3001	3.7773	0.0698	0.672
19	11	2020	-11.7967	-4.3398	8.6761	0.291
20	11	2020	-20.2056	-11.6684	0.3954	0.293
21	11	2020	-18.2946	-9.4036	0.263	0.228
22	11	2020	-15.6987	-9.8572	0.0	0.186
23	11	2020	-11.7522	-5.1854	0.0	0.241
24	11	2020	-9.9724	-3.7824	0.0	0.283
25	11	2020	-9.524	0.4687	0.0	0.412
26	11	2020	-13.3973	-2.1984	1.1909	0.415
27	11	2020	-7.241	-0.8053	0.0	0.712
28	11	2020	-9.8809	-2.046	0.2467	0.43
29	11	2020	-15.2331	-4.3033	0.2562	0.565
30	11	2020	-9.9304	1.6654	0.0	0.932
1	12	2020	-9.7398	1.9026	0.0	0.497
2	12	2020	-11.3938	-4.0001	0.0	0.552
3	12	2020	-7.2524	1.0439	0.0	0.758
4	12	2020	-8.1543	0.3105	0.0	0.667
5	12	2020	-6.4647	0.9122	0.0	0.743
6	12	2020	-10.9987	-1.3493	0.0	0.613
7	12	2020	-7.6169	0.2043	0.0	0.561
8	12	2020	-6.6238	1.177	0.0	0.412
9	12	2020	-7.632	0.8006	0.0	0.338
10	12	2020	-13.4114	-7.5505	0.0	0.285
11	12	2020	-12.4134	-4.9894	0.0	0.186
12	12	2020	-11.2996	-4.2585	0.0	0.303
13	12	2020	-29.9862	-12.1257	0.2501	0.126
14	12	2020	-30.6596	-17.9433	0.167	0.075
15	12	2020	-19.9164	-11.4795	0.1269	0.173
16	12	2020	-19.7518	-8.9124	0.1382	0.226
17	12	2020	-15.1769	1.7345	0.3986	0.178
18	12	2020	-23.0823	-11.3426	0.8235	0.263
19	12	2020	-9.6616	3.8338	0.0	0.465
20	12	2020	-7.5489	2.4235	0.5368	0.525
21	12	2020	-7.4741	0.5784	0.0	0.487
22	12	2020	-14.8709	-5.6174	3.8789	0.189
23	12	2020	-18.5422	-10.8001	0.2125	0.213
24	12	2020	-15.5486	-1.1284	0.0843	0.319
25	12	2020	-13.5369	-5.9706	0.0	0.242
26	12	2020	-11.2816	-7.1667	0.0	0.225
27	12	2020	-17.6995	-7.994	0.3181	0.151
28	12	2020	-24.0573	-9.8251	0.3435	0.139
29	12	2020	-14.2593	-5.868	0.0	0.204
30	12	2020	-18.0951	-11.2761	0.1487	0.267
31	12	2020	-20.4054	-12.7614	0.0	0.183
1	1	2021	-16.7719	-10.0066	0.0	0.335
2	1	2021	-10.7231	3.6528	0.0	0.551
3	1	2021	-4.4185	2.6193	0.0	0.776
4	1	2021	-11.9516	-2.8965	0.0	0.547
5	1	2021	-10.9725	-0.444	0.0	0.372
6	1	2021	-13.3177	0.9393	0.0	0.445
7	1	2021	-10.0116	-1.6789	0.0	0.444
8	1	2021	-15.6024	-5.1256	0.0	0.532
9	1	2021	-19.6773	-6.4595	0.0419	0.357
10	1	2021	-13.4878	-9.7497	0.0	0.282
11	1	2021	-14.0571	-2.2784	0.0	0.344
12	1	2021	-9.5316	-3.1801	0.0	0.602
13	1	2021	-7.136	5.0761	20.6438	0.64
14	1	2021	-4.5905	0.0648	0.0	0.876
15	1	2021	-15.1388	-5.1378	0.0647	0.221
16	1	2021	-10.8493	0.4594	0.0	0.644
17	1	2021	-12.2724	-3.2204	2.8235	0.286
18	1	2021	-15.5992	-0.4468	0.6473	0.163
19	1	2021	-14.8032	1.3122	0.2011	0.354
20	1	2021	-7.8248	2.6507	2.4326	0.905
21	1	2021	-14.2777	-8.4583	0.2585	0.365
22	1	2021	-10.2234	-5.1105	2.3544	0.39
23	1	2021	-30.0826	-9.3902	0.8717	0.1
24	1	2021	-33.4957	-27.2503	0.6038	0.145
25	1	2021	-32.3683	-26.3457	0.0	0.159
26	1	2021	-31.1814	-23.3751	0.0	0.16
27	1	2021	-24.0073	-15.184	0.0	0.26
28	1	2021	-17.1792	-9.3548	0.0	0.417
29	1	2021	-15.305	-7.046	0.0	0.451
30	1	2021	-15.2889	-9.5346	0.0	0.373
31	1	2021	-16.0952	-10.3802	0.0	0.376
1	2	2021	-13.7987	-7.4032	0.0	0.451
2	2	2021	-9.0243	-2.6889	0.0	0.621
3	2	2021	-19.3504	-8.0221	0.0	0.358
4	2	2021	-20.1869	-15.5354	0.0	0.354
5	2	2021	-29.5723	-16.6885	0.2081	0.239
6	2	2021	-36.6253	-26.6848	0.309	0.152
7	2	2021	-38.005	-27.0386	0.1821	0.145
8	2	2021	-37.3999	-26.5318	0.0	0.131
9	2	2021	-29.0899	-25.5728	0.0	0.187
10	2	2021	-33.5332	-26.7792	0.1401	0.186
11	2	2021	-38.9312	-30.5038	0.2689	0.125
12	2	2021	-32.3053	-23.4088	0.3867	0.219
13	2	2021	-38.2024	-26.4191	0.0357	0.168
14	2	2021	-33.7001	-20.7506	0.0	0.245
15	2	2021	-31.7573	-20.8622	0.0	0.222
16	2	2021	-27.8321	-17.0229	0.0	0.308
17	2	2021	-23.2992	-16.3735	0.0	0.429
18	2	2021	-26.5389	-17.2488	0.1045	0.383
19	2	2021	-23.2795	-4.1801	0.0	0.391
20	2	2021	-10.361	-4.6409	0.0	0.906
21	2	2021	-11.9255	2.3572	0.0	0.821
22	2	2021	-4.0168	4.1814	0.0	1.517
23	2	2021	-7.653	-0.4398	0.0	1.254
24	2	2021	-10.9904	-2.6334	0.0	0.852
25	2	2021	-10.9634	-0.0577	0.0	0.799
26	2	2021	-20.3483	-3.1774	0.1532	0.397
27	2	2021	-25.0398	-14.7576	0.3519	0.393
28	2	2021	-21.8845	-14.0081	0.1336	0.396
1	3	2021	-20.0186	1.4246	0.0539	0.437
2	3	2021	-8.073	1.3783	0.0	1.057
3	3	2021	-14.26	-1.4339	0.0	0.886
4	3	2021	-12.3173	-1.1564	0.0	0.868
5	3	2021	-7.1021	2.7305	0.0	1.171
6	3	2021	0.0612	6.6972	0.0	1.724
7	3	2021	-2.9923	2.2206	0.0	1.667
8	3	2021	-5.1895	2.7949	0.0	1.602
9	3	2021	-6.0262	1.6461	0.0	1.532
10	3	2021	-11.3	0.4246	0.0	1.093
11	3	2021	-19.8816	-4.4272	0.0751	0.903
12	3	2021	-8.2689	2.9886	0.0	1.536
13	3	2021	-7.7326	3.9287	0.0	1.693
14	3	2021	-1.3826	5.9479	0.0	2.277
15	3	2021	-3.0906	5.6996	0.0	2.04
16	3	2021	-9.2768	-0.4982	0.0	1.859
17	3	2021	-6.9456	7.4195	0.0	2.248
18	3	2021	-1.7474	12.8999	0.0	2.962
19	3	2021	2.691	16.2939	0.0	3.507
20	3	2021	-0.8524	12.1733	0.0	3.03
21	3	2021	-5.7036	3.0497	0.0	2.465
22	3	2021	-6.0056	6.086	0.0	1.652
23	3	2021	-8.6484	0.1989	1.2311	1.18
24	3	2021	-4.7703	7.6013	0.0	2.123
25	3	2021	-4.0183	2.7036	0.9084	0.898
26	3	2021	-9.5612	1.3204	0.4047	1.537
27	3	2021	-8.3591	5.8273	0.0139	2.488
28	3	2021	-0.6507	16.8663	0.0	4.036
29	3	2021	-10.6751	10.3706	11.993	1.425
30	3	2021	-13.2359	-5.9625	0.358	1.078
31	3	2021	-15.661	7.0902	0.2866	1.689
1	4	2021	1.55	15.1128	0.0	4.255
2	4	2021	-0.5564	11.4885	0.0	3.852
3	4	2021	0.3075	12.7003	0.0	3.805
4	4	2021	0.013	16.9496	0.0	3.674
5	4	2021	-1.2022	10.9962	0.0	3.607
6	4	2021	-1.1589	15.52	0.0	4.023
7	4	2021	-0.8371	20.7476	0.0	5.226
8	4	2021	1.7033	14.4525	0.1507	3.866
9	4	2021	-5.4891	9.983	0.3497	3.408
10	4	2021	1.065	12.5548	0.0	3.841
11	4	2021	-1.8787	3.0989	6.5302	1.211
12	4	2021	-3.6786	3.8201	0.6825	2.198
13	4	2021	-2.3734	2.675	0.0	2.332
14	4	2021	-1.7015	8.2407	0.0	2.853
15	4	2021	-3.1059	14.6616	0.0313	3.967
16	4	2021	-3.0028	14.5052	0.0	4.152
17	4	2021	0.673	18.7901	0.0	4.773
18	4	2021	-1.0076	7.0348	0.0	3.326
19	4	2021	-7.0225	3.2104	0.4607	2.05
20	4	2021	-7.2412	9.0263	0.3775	3.421
21	4	2021	-4.5064	17.7153	0.0	5.156
22	4	2021	-4.708	7.7431	0.0	3.053
23	4	2021	-12.1687	3.9617	0.0416	2.521
24	4	2021	-10.3575	6.5424	0.028	3.151
25	4	2021	-4.9684	10.9544	0.0	3.732
26	4	2021	0.0485	13.987	0.0	3.853
27	4	2021	-2.8432	9.2	0.0	3.713
28	4	2021	-2.8149	13.2646	0.0	3.884
29	4	2021	-2.0418	9.9371	0.0	2.916
30	4	2021	1.7825	24.5163	0.0	5.86
1	5	2021	7.9097	19.8555	0.2	5.475
2	5	2021	0.6624	10.9266	1.0	3.572
3	5	2021	-4.4589	9.162	0.0	4.076
4	5	2021	-6.8135	12.9303	0.0	4.216
5	5	2021	-2.6479	16.1257	0.0	4.667
6	5	2021	1.2269	14.9814	0.0	5.32
7	5	2021	-0.4899	15.231	0.0	5.046
8	5	2021	4.5727	15.1715	0.0	5.956
9	5	2021	-3.0933	15.0792	0.0	5.036
10	5	2021	-2.9669	18.8094	0.0	5.132
11	5	2021	1.3618	19.3045	0.0	5.665
12	5	2021	3.0004	19.5707	0.0	4.578
13	5	2021	2.821	21.4277	0.0	4.711
14	5	2021	3.611	21.5261	0.0	5.071
15	5	2021	4.0466	23.1573	0.0	4.77
16	5	2021	9.2544	23.3154	0.0	5.919
17	5	2021	8.951	32.0556	0.0	8.781
18	5	2021	16.0057	27.5615	0.0	9.794
19	5	2021	-0.3531	14.7244	0.0	4.39
20	5	2021	-1.053	4.3414	0.0	2.428
21	5	2021	-2.2187	4.6843	2.4	1.793
22	5	2021	-0.6147	11.9448	0.0	2.896
23	5	2021	7.6233	17.2531	0.0	4.043
24	5	2021	9.5708	11.5272	39.0	1.377
25	5	2021	2.0347	10.0091	1.2	1.766
26	5	2021	-0.0261	12.9371	0.2	4.613
27	5	2021	1.274	18.0411	0.0	5.452
28	5	2021	7.9771	21.5296	0.0	6.725
29	5	2021	9.193	19.7553	0.0	6.424
30	5	2021	2.9033	22.2343	0.0	6.508
31	5	2021	10.2028	26.1971	0.0	7.5
1	6	2021	10.0959	26.2575	0.0	6.503
2	6	2021	12.0285	31.6756	0.0	7.71
3	6	2021	14.874	34.6541	0.0	8.015
4	6	2021	16.7246	28.2689	0.0	8.358
5	6	2021	13.0463	26.7346	0.0	6.928
6	6	2021	8.4085	18.6127	0.4	3.904
7	6	2021	9.3307	21.9333	0.0	6.192
8	6	2021	7.0083	24.6681	0.2	4.758
9	6	2021	12.7946	19.1706	0.8	2.827
10	6	2021	14.1289	21.3043	24.6	2.906
11	6	2021	12.7618	18.4112	3.2	3.143
12	6	2021	7.7062	22.982	0.0	5.905
13	6	2021	8.5901	26.9266	0.0	7.376
14	6	2021	13.5526	30.9879	0.0	9.091
15	6	2021	18.3031	32.5132	0.0	10.205
16	6	2021	14.0055	25.2695	0.2	7.949
17	6	2021	7.0977	21.1421	0.0	6.288
18	6	2021	9.5317	16.9318	0.0	2.82
19	6	2021	7.9899	18.8478	6.6	3.172
20	6	2021	8.1512	16.6878	0.2	4.607
21	6	2021	2.3843	23.4733	0.0	6.107
22	6	2021	10.6146	28.7216	0.0	6.432
23	6	2021	13.6221	22.6156	1.0	5.619
24	6	2021	9.4876	24.5343	0.0	5.781
25	6	2021	10.8835	26.0663	0.8	5.862
26	6	2021	13.8041	28.2432	0.0	7.046
27	6	2021	13.6795	26.3571	0.6	6.706
28	6	2021	11.5627	29.1832	0.0	7.06
29	6	2021	15.9548	33.5608	0.0	7.678
30	6	2021	14.7354	34.2018	0.0	8.042
1	7	2021	17.7072	34.3573	0.0	9.565
2	7	2021	19.4788	38.5652	0.0	10.981
3	7	2021	17.6546	30.1529	6.2	6.995
4	7	2021	13.5381	25.1373	0.0	6.19
5	7	2021	14.7941	22.423	0.8	5.344
6	7	2021	10.6901	18.4204	0.2	2.359
7	7	2021	12.0855	27.0794	0.0	5.667
8	7	2021	12.4366	28.678	0.0	5.993
9	7	2021	12.4242	31.4281	0.0	6.567
10	7	2021	15.9922	32.8617	0.0	8.176
11	7	2021	16.6731	30.7731	0.0	7.937
12	7	2021	12.5981	27.871	0.0	7.267
13	7	2021	9.8695	27.1563	0.0	6.166
14	7	2021	11.6417	30.4613	0.0	6.147
15	7	2021	16.2288	35.4466	0.0	8.291
16	7	2021	17.5449	28.3953	0.0	7.051
17	7	2021	17.4982	36.2433	0.0	9.338
18	7	2021	14.5239	24.8873	0.0	4.95
19	7	2021	13.8629	19.5132	0.0	2.046
20	7	2021	15.6526	28.7492	0.2	4.375
21	7	2021	14.733	28.6694	0.0	5.237
22	7	2021	12.4846	33.3056	0.0	8.369
23	7	2021	7.3953	27.9133	0.0	7.656
24	7	2021	9.4287	27.6947	0.0	7.826
25	7	2021	12.7376	25.6094	0.0	5.397
26	7	2021	13.1444	26.949	1.2	5.468
27	7	2021	12.7204	33.4003	0.0	6.817
28	7	2021	12.9127	29.3914	0.0	6.927
29	7	2021	11.4667	33.2096	1.2	6.423
30	7	2021	13.3295	30.1652	0.2	6.819
31	7	2021	11.3601	30.3783	0.0	6.65
1	8	2021	12.8294	33.0637	0.0	6.193
2	8	2021	17.8055	34.3655	0.0	5.587
3	8	2021	20.915	27.8392	0.0	3.992
4	8	2021	15.1084	24.1993	3.4	4.259
5	8	2021	11.8086	30.2773	0.0	5.959
6	8	2021	19.6018	32.6668	0.0	7.427
7	8	2021	14.695	26.8999	0.0	4.843
8	8	2021	13.4709	20.6002	0.0	4.388
9	8	2021	12.6265	20.6697	0.0	2.821
10	8	2021	11.8049	22.6785	7.0	4.701
11	8	2021	11.8224	23.8509	0.0	6.278
12	8	2021	10.2332	22.432	0.2	6.431
13	8	2021	10.7548	29.1859	0.0	6.723
14	8	2021	13.7349	36.5227	0.0	7.813
15	8	2021	16.4511	31.1441	0.0	5.792
16	8	2021	17.3979	24.4448	0.0	4.915
17	8	2021	11.5181	17.3691	0.2	2.758
18	8	2021	9.8666	18.307	1.2	2.956
19	8	2021	7.4889	20.5704	0.0	3.127
20	8	2021	11.1686	18.3543	0.2	1.991
21	8	2021	6.039	20.6448	0.2	4.55
22	8	2021	10.5681	13.8944	6.4	1.5
23	8	2021	7.4317	15.0556	12.0	1.658
24	8	2021	7.7751	13.6873	8.4	1.531
25	8	2021	3.5462	18.6739	0.0	3.301
26	8	2021	7.5274	20.9413	0.0	3.976
27	8	2021	12.1329	17.2156	7.8	1.48
28	8	2021	11.4236	23.0853	0.0	4.51
29	8	2021	8.2668	25.7824	0.0	4.977
30	8	2021	11.087	28.4129	0.0	5.722
31	8	2021	13.1548	25.9352	6.0	3.727
1	9	2021	8.5514	20.349	24.0	3.046
2	9	2021	9.6247	16.9699	0.0	2.744
3	9	2021	11.2121	20.0691	0.0	3.341
4	9	2021	6.6698	21.6332	0.0	3.797
5	9	2021	8.4034	28.7588	0.0	5.167
6	9	2021	9.73	21.5779	1.4	3.045
7	9	2021	7.3671	22.929	0.0	5.319
8	9	2021	4.9757	24.7657	0.0	4.404
9	9	2021	10.5727	26.8194	0.4	4.93
10	9	2021	9.4317	20.792	0.2	4.27
11	9	2021	4.869	14.5382	0.0	0.912
12	9	2021	3.0605	19.9242	0.0	3.699
13	9	2021	7.9999	20.2757	0.2	4.282
14	9	2021	4.3096	22.0985	0.2	4.206
15	9	2021	6.4294	17.5247	0.0	4.448
16	9	2021	3.6435	11.6588	0.2	2.801
17	9	2021	-0.6096	16.6742	0.2	3.323
18	9	2021	12.2378	32.3549	0.0	7.539
19	9	2021	8.4128	18.4126	0.0	3.933
20	9	2021	2.3084	16.6971	0.0	3.197
21	9	2021	2.5427	21.7968	0.0	4.406
22	9	2021	8.221	24.5938	0.4	4.418
23	9	2021	3.5241	15.0941	0.0	4.183
24	9	2021	-1.4335	17.9564	0.0	3.762
25	9	2021	8.8581	24.933	0.0	4.439
26	9	2021	2.8356	23.1434	0.0	3.717
27	9	2021	11.3237	28.4965	0.0	5.501
28	9	2021	8.1748	31.1695	0.0	5.547
29	9	2021	5.8964	20.2979	0.0	4.189
30	9	2021	1.2592	23.7447	0.4	4.532
1	10	2021	9.1457	23.0767	0.0	4.888
2	10	2021	-0.0899	20.1305	0.0	3.329
3	10	2021	6.328	22.4727	0.0	4.18
4	10	2021	1.9497	15.927	0.0	2.71
5	10	2021	4.855	23.0024	0.0	3.491
6	10	2021	4.6621	26.0917	0.0	3.052
7	10	2021	3.4195	13.715	0.0	2.89
8	10	2021	0.85	17.3728	0.0	2.568
9	10	2021	-4.2864	19.2888	0.038	2.701
10	10	2021	-1.5194	16.0108	0.0109	2.599
11	10	2021	-1.5458	6.3478	0.0	1.111
12	10	2021	-5.3153	9.1301	0.0235	2.125
13	10	2021	-5.3613	6.0179	1.9409	0.714
14	10	2021	0.1666	4.0277	6.39	0.533
15	10	2021	-3.1765	13.2399	0.1669	2.579
16	10	2021	-0.3348	16.9261	0.1099	2.818
17	10	2021	2.9537	22.4354	0.1742	3.552
18	10	2021	2.3554	11.7664	0.0	2.414
19	10	2021	-5.1868	6.3024	0.1792	1.795
20	10	2021	-8.3819	7.1225	0.0973	1.741
21	10	2021	-5.4153	7.0434	0.0	1.448
22	10	2021	-5.7803	8.4204	0.0	1.816
23	10	2021	-2.5412	7.0785	0.2922	1.949
24	10	2021	2.7334	4.2644	1.418	0.514
25	10	2021	3.9672	7.2968	0.2288	0.968
26	10	2021	0.9984	9.8727	2.0915	0.762
27	10	2021	0.4821	10.7934	0.0	1.8
28	10	2021	-1.5005	10.778	0.0	2.348
29	10	2021	-0.6495	8.4763	0.0	0.946
30	10	2021	-4.7406	4.4437	0.0	1.583
31	10	2021	-6.9358	3.211	0.0	1.298
1	11	2021	-7.843	1.44	0.0	0.991
2	11	2021	-9.2817	7.2546	0.0	1.52
3	11	2021	-11.2443	7.7234	0.0	1.231
4	11	2021	-4.9256	13.2625	0.0	1.272
5	11	2021	0.5946	12.9832	0.0	1.784
6	11	2021	-3.3273	7.0746	0.0	1.319
7	11	2021	-5.2729	8.9433	0.0	1.834
8	11	2021	-5.5018	8.1586	0.0	1.961
9	11	2021	-9.4396	8.414	0.0	1.641
10	11	2021	-2.1272	1.7609	10.8258	0.586
11	11	2021	-5.4702	-2.0109	4.3102	0.476
12	11	2021	-9.5574	-5.3766	0.3005	0.358
13	11	2021	-12.0099	-0.5681	0.1134	0.54
14	11	2021	-7.4147	-1.0656	0.0	0.392
15	11	2021	-1.8174	1.1138	1.5584	0.306
16	11	2021	-3.0494	5.5842	18.1315	0.701
17	11	2021	-9.8536	-3.0528	0.9038	0.4
18	11	2021	-13.1645	-1.9412	0.0834	0.447
19	11	2021	-12.6748	-2.6774	0.0414	0.549
20	11	2021	-10.6679	-2.2377	0.0	0.528
21	11	2021	-20.8101	-5.3915	0.1953	0.246
22	11	2021	-5.9168	3.9576	0.0	0.684
23	11	2021	-11.5275	2.7915	0.0	0.676
24	11	2021	-16.0513	-10.9906	0.0	0.338
25	11	2021	-13.1067	-1.4855	0.0	0.316
26	11	2021	-7.758	5.3151	0.0	0.773
27	11	2021	-7.6324	2.9955	0.0	1.014
28	11	2021	-6.9404	2.4404	0.0	0.532
29	11	2021	-5.1169	4.7635	0.0	0.824
30	11	2021	-7.8427	0.7876	0.0	0.495
1	12	2021	-0.0392	5.7577	0.0	0.969
2	12	2021	-6.2002	1.0341	3.3238	0.352
3	12	2021	-11.9606	-4.3403	0.1378	0.554
4	12	2021	-13.0659	-5.2873	0.0829	0.299
5	12	2021	-25.1603	-9.7677	0.3807	0.166
6	12	2021	-25.391	-15.9569	0.0643	0.153
7	12	2021	-22.2833	-14.0601	0.0	0.165
8	12	2021	-17.9106	0.8618	5.4184	0.099
9	12	2021	-12.5632	-1.1485	0.0	0.657
10	12	2021	-15.3018	-5.6076	0.0477	0.443
11	12	2021	-11.5923	4.0037	0.0	0.861
12	12	2021	-8.2031	-0.5158	0.0	0.517
13	12	2021	-10.5963	-4.0069	0.0	0.248
14	12	2021	-9.4989	-2.8896	0.0	0.271
15	12	2021	-23.4159	-10.6674	0.1923	0.185
16	12	2021	-26.3529	-21.4034	0.2064	0.162
17	12	2021	-27.673	-18.1686	1.0296	0.189
18	12	2021	-28.6055	-13.7083	0.0976	0.115
19	12	2021	-19.5079	-12.8959	0.0	0.28
20	12	2021	-23.0547	-12.3924	0.0	0.155
21	12	2021	-19.5996	-10.1798	0.0	0.305
22	12	2021	-12.1046	-9.0909	2.721	0.261
23	12	2021	-16.3329	-5.5662	1.3283	0.206
24	12	2021	-26.8027	-13.1916	2.4145	0.175
25	12	2021	-30.9633	-23.7196	0.5014	0.125
26	12	2021	-29.9276	-24.4817	13.8813	0.083
27	12	2021	-35.8588	-25.4391	0.3498	0.093
28	12	2021	-35.7116	-27.9521	0.0394	0.079
29	12	2021	-35.0064	-27.9204	0.0	0.09
30	12	2021	-39.1535	-30.8229	0.0	0.062
31	12	2021	-37.6739	-29.9383	0.0826	0.087
1	1	2022	-36.5726	-24.376	0.0	0.103
2	1	2022	-24.7786	-8.9203	0.0	0.17
3	1	2022	-21.0443	-18.6056	2.3219	0.185
4	1	2022	-26.6767	-18.6106	6.7984	0.142
5	1	2022	-35.4438	-26.9332	0.3641	0.103
6	1	2022	-39.3243	-32.1863	0.1999	0.062
7	1	2022	-35.4723	-19.4986	1.1117	0.061
8	1	2022	-32.1975	-22.4441	0.0413	0.135
9	1	2022	-31.2025	-22.0849	0.0854	0.154
10	1	2022	-22.3172	-11.3033	0.0	0.324
11	1	2022	-13.0787	-0.5491	0.0	0.41
12	1	2022	-7.317	-0.4958	0.0	0.45
13	1	2022	-11.6449	-3.8659	4.1974	0.15
14	1	2022	-10.2759	-5.491	0.1013	0.269
15	1	2022	-6.6909	-0.0061	0.0	0.527
16	1	2022	-7.1108	-0.9929	0.0	0.658
17	1	2022	-7.388	-4.5681	1.604	0.351
18	1	2022	-27.3585	-8.8857	1.8326	0.129
19	1	2022	-35.0641	-27.5815	0.2702	0.132
20	1	2022	-29.0468	-2.4714	1.1519	-0.08
21	1	2022	-22.6722	0.9375	0.7826	0.035
22	1	2022	-20.9885	-13.8427	2.8728	0.222
23	1	2022	-13.9316	2.7547	1.147	0.301
24	1	2022	-25.502	-14.0383	0.2212	0.222
25	1	2022	-31.5857	-1.6194	0.2339	-0.115
26	1	2022	-2.6567	1.7489	0.0	0.942
27	1	2022	-14.1864	-3.7086	0.0	0.476
28	1	2022	-18.0796	-8.518	0.0	0.307
29	1	2022	-13.084	-6.7265	0.0	0.557
30	1	2022	-13.0997	-5.1248	0.0	0.518
31	1	2022	-18.4021	-4.232	14.4299	0.125
1	2	2022	-26.5371	-18.8836	2.3683	0.26
2	2	2022	-33.0275	-27.2252	0.3314	0.182
3	2	2022	-31.1527	-22.238	0.0396	0.211
4	2	2022	-34.4082	-15.6875	2.4323	0.075
5	2	2022	-21.288	-14.7911	0.8731	0.278
6	2	2022	-20.3862	-0.7466	0.1047	0.221
7	2	2022	-6.1564	3.5976	0.0	1.206
8	2	2022	-4.4988	3.5542	0.0	1.136
9	2	2022	-8.8198	1.1937	0.0	0.613
10	2	2022	-16.0063	5.5238	2.5002	0.424
11	2	2022	-20.17	-15.4137	0.335	0.412
12	2	2022	-18.02	-8.732	0.0	0.657
13	2	2022	-17.3721	1.7203	0.0	0.376
14	2	2022	-19.7265	-11.6777	0.1961	0.338
15	2	2022	-15.0559	-8.0276	2.7532	0.507
16	2	2022	-28.1759	-16.1042	0.3822	0.365
17	2	2022	-31.3902	-12.1247	0.2677	0.131
18	2	2022	-22.6417	-13.0307	0.2274	0.411
19	2	2022	-18.1271	3.6331	1.2829	0.423
20	2	2022	-23.9683	-16.6559	0.3975	0.365
21	2	2022	-29.4865	-16.4041	0.2828	0.433
22	2	2022	-32.1382	-20.5806	0.0782	0.272
23	2	2022	-30.5433	-19.6714	0.0	0.322
24	2	2022	-26.2553	-15.4562	0.0	0.487
25	2	2022	-26.84	-8.1447	0.0	0.324
26	2	2022	-13.8639	-5.5385	0.0	0.677
27	2	2022	-11.0029	-9.1505	0.0	0.516
28	2	2022	-14.1678	-6.8081	0.0	0.649
1	3	2022	-10.2203	-5.7003	0.0	0.7
2	3	2022	-21.2725	-8.9802	0.0	0.576
3	3	2022	-22.0719	-11.4993	0.0	0.473
4	3	2022	-12.0393	-8.7899	12.8848	0.567
5	3	2022	-16.595	-9.3537	0.8198	0.597
6	3	2022	-19.8861	-4.3267	0.1396	0.618
7	3	2022	-13.406	1.5727	0.0	0.658
8	3	2022	-17.2238	-8.273	5.1667	0.6
9	3	2022	-22.5384	-15.5614	0.2593	0.574
10	3	2022	-23.8889	-14.0055	1.0213	0.512
11	3	2022	-30.1214	-15.522	0.214	0.414
12	3	2022	-15.912	3.773	0.0	0.971
13	3	2022	-14.3722	-2.4996	0.0	1.167
14	3	2022	-13.1793	-3.3002	0.0	0.624
15	3	2022	-7.9395	1.0339	0.0	0.942
16	3	2022	-7.5233	3.3906	0.0	1.682
17	3	2022	-7.8147	4.6581	0.0	1.801
18	3	2022	-2.8897	5.1448	0.0	1.974
19	3	2022	-5.1616	3.5527	0.0	1.972
20	3	2022	-4.1381	2.2486	0.0	0.806
21	3	2022	0.0502	4.2325	1.3895	1.955
22	3	2022	-2.5532	6.6692	0.0	2.611
23	3	2022	-2.5914	8.6232	0.0	2.016
24	3	2022	-0.7816	5.3097	4.7329	1.594
25	3	2022	-9.6744	-1.0598	0.1731	1.672
26	3	2022	-11.2399	-5.8993	0.1299	1.179
27	3	2022	-8.9519	4.117	0.0	1.776
28	3	2022	-2.0113	3.7881	0.0	1.674
29	3	2022	-4.8095	-0.132	2.1167	1.549
30	3	2022	-6.9538	6.8204	0.1742	2.542
31	3	2022	-0.6693	4.6386	8.5802	1.575
1	4	2022	-4.0809	2.01	0.0018	1.468
2	4	2022	-6.6817	3.2834	0.1659	1.628
3	4	2022	-2.2383	9.9733	0.0	2.762
4	4	2022	1.2454	13.9725	0.0	3.757
5	4	2022	0.7735	7.0124	2.0161	1.487
6	4	2022	-2.394	6.058	0.3475	1.554
7	4	2022	-0.1273	9.8507	0.0693	3.378
8	4	2022	-0.1739	16.2229	0.0	4.035
9	4	2022	1.1885	14.1533	0.0	3.759
10	4	2022	-3.3716	3.0141	0.1785	1.921
11	4	2022	-9.5536	-3.9256	0.698	0.878
12	4	2022	-9.5228	-6.2026	0.1799	0.987
13	4	2022	-9.1172	-3.9267	0.1216	1.081
14	4	2022	-7.8359	-2.8792	1.5067	1.216
15	4	2022	-8.5106	-1.5642	0.3123	1.95
16	4	2022	-7.2894	1.6719	0.011	2.686
17	4	2022	-7.5743	3.3464	0.0	2.372
18	4	2022	-7.2266	9.3966	0.0	3.08
19	4	2022	-2.3561	4.7011	6.0603	1.912
20	4	2022	-5.1851	1.4487	6.8684	1.185
21	4	2022	-9.4614	5.2185	0.1731	2.308
22	4	2022	-0.1289	3.3244	0.0	0.747
23	4	2022	0.4576	10.1446	2.3958	2.742
24	4	2022	-1.7907	8.363	0.0	3.786
25	4	2022	-4.8231	8.7759	0.0	3.387
26	4	2022	-2.8009	11.9094	0.0	3.998
27	4	2022	0.7204	14.6171	0.0	3.446
28	4	2022	2.5229	17.3042	0.0	5.203
29	4	2022	0.6507	16.2444	0.0	4.448
30	4	2022	1.9934	16.9592	0.0	4.698
1	5	2022	0.5548	12.2302	0.0	4.105
2	5	2022	-0.7299	18.1118	0.0	4.623
3	5	2022	6.3576	19.3172	0.0	5.03
4	5	2022	-0.6935	23.1218	0.0	4.921
5	5	2022	11.3607	26.607	0.0	7.725
6	5	2022	11.3599	21.8732	1.4	5.973
7	5	2022	8.4081	12.0456	9.8	1.887
8	5	2022	2.2603	13.9485	0.0	3.919
9	5	2022	1.5538	16.1932	0.0	4.498
10	5	2022	2.5325	13.2659	0.0	2.607
11	5	2022	0.8521	18.7042	0.0	5.311
12	5	2022	3.5299	21.2947	0.0	5.48
13	5	2022	3.6538	12.2334	17.2	2.21
14	5	2022	3.0968	15.5478	2.2	4.738
15	5	2022	1.6967	18.955	0.0	5.228
16	5	2022	3.2851	15.6374	0.0	4.021
17	5	2022	7.9025	15.7474	2.8	2.728
18	5	2022	7.7851	13.6921	1.2	2.574
19	5	2022	1.0412	10.9188	4.8	1.925
20	5	2022	2.1907	5.8288	0.0	2.417
21	5	2022	-1.4422	14.1844	0.0	4.126
22	5	2022	1.8623	15.6895	0.0	4.282
23	5	2022	3.1999	21.9725	0.0	6.367
24	5	2022	6.2169	24.59	0.0	6.52
25	5	2022	7.4787	23.4916	0.0	5.866
26	5	2022	7.5122	23.0106	0.0	6.416
27	5	2022	8.4506	22.5317	0.2	4.07
28	5	2022	10.1776	23.7097	14.0	5.965
29	5	2022	10.9744	18.3515	2.8	3.131
30	5	2022	7.8348	14.9693	0.2	2.878
31	5	2022	3.9085	17.8423	0.0	6.269
1	6	2022	3.7578	17.5732	0.0	6.352
2	6	2022	7.6649	20.1172	0.0	7.845
3	6	2022	3.3385	22.0065	0.0	6.225
4	6	2022	4.4138	22.8439	0.0	6.843
5	6	2022	6.534	18.04	0.0	6.001
6	6	2022	4.7424	19.8446	0.0	6.117
7	6	2022	8.3947	21.0704	0.0	4.974
8	6	2022	8.885	24.519	0.0	6.125
9	6	2022	11.8949	21.6142	2.2	4.083
10	6	2022	9.2623	23.4775	5.6	3.909
11	6	2022	9.1464	21.5923	0.0	4.263
12	6	2022	8.5102	23.4799	0.2	4.79
13	6	2022	10.8954	19.392	0.2	2.31
14	6	2022	9.2793	16.0801	0.0	3.139
15	6	2022	4.6509	15.4395	1.6	2.417
16	6	2022	9.6186	20.4649	1.2	3.41
17	6	2022	10.9943	26.3754	0.0	6.435
18	6	2022	19.1237	32.8524	0.0	8.159
19	6	2022	16.776	20.9523	5.6	1.5
20	6	2022	15.2684	19.1033	23.6	2.195
21	6	2022	12.7686	20.0285	0.6	4.613
22	6	2022	11.0067	26.5047	0.4	6.435
23	6	2022	10.9992	25.0471	7.6	5.084
24	6	2022	7.9847	16.6786	2.8	2.7
25	6	2022	8.6268	19.4031	2.4	4.501
26	6	2022	8.596	23.281	0.2	6.401
27	6	2022	9.8735	20.1203	0.0	5.335
28	6	2022	9.2095	20.838	0.0	6.21
29	6	2022	12.4731	23.522	0.2	3.99
30	6	2022	10.1212	21.4756	0.0	6.21
1	7	2022	5.4789	20.9689	0.0	5.503
2	7	2022	9.8522	19.8888	0.2	4.474
3	7	2022	8.0492	21.9648	0.0	5.016
4	7	2022	11.3197	20.1973	0.0	3.117
5	7	2022	9.4037	16.1823	0.0	1.754
6	7	2022	11.8335	21.8578	0.0	4.42
7	7	2022	10.1304	22.3762	0.0	4.937
8	7	2022	16.5042	29.904	2.8	6.557
9	7	2022	17.6181	27.3608	1.6	6.196
10	7	2022	13.4773	22.1184	5.4	3.433
11	7	2022	10.3842	25.2092	0.2	6.66
12	7	2022	10.8557	28.6686	0.0	6.818
13	7	2022	18.0858	32.7479	0.0	8.07
14	7	2022	14.481	26.5149	2.8	6.959
15	7	2022	15.9237	30.1195	0.8	6.215
16	7	2022	16.3579	35.9235	0.0	8.485
17	7	2022	17.1048	27.7423	0.4	5.604
18	7	2022	14.2071	26.7884	10.0	4.821
19	7	2022	16.387	27.065	4.2	6.159
20	7	2022	13.2619	23.8456	2.0	6.578
21	7	2022	10.3272	26.2711	0.0	6.321
22	7	2022	11.6692	23.4488	1.2	4.963
23	7	2022	9.2169	19.7863	0.2	3.388
24	7	2022	6.9087	28.4062	0.6	5.833
25	7	2022	14.5832	20.2401	0.2	2.4
26	7	2022	10.0877	23.6015	1.0	5.045
27	7	2022	7.6892	23.9919	0.0	5.991
28	7	2022	7.9028	28.3457	0.6	6.152
29	7	2022	14.7118	34.4059	0.0	8.365
30	7	2022	15.0646	22.1542	4.2	2.458
31	7	2022	14.6701	24.4657	4.2	4.005
1	8	2022	14.5005	25.2091	0.2	5.089
2	8	2022	14.1581	20.9577	14.0	3.42
3	8	2022	7.0538	25.2242	0.2	4.981
4	8	2022	13.4873	30.5218	0.0	6.654
5	8	2022	9.4148	16.5575	0.2	2.884
6	8	2022	6.0628	22.7687	0.2	5.353
7	8	2022	14.1375	28.9785	0.0	6.519
8	8	2022	10.6531	32.0979	0.0	7.019
9	8	2022	9.3428	24.4423	0.0	6.248
10	8	2022	9.234	21.8604	0.0	3.129
11	8	2022	14.4492	25.6732	0.0	3.637
12	8	2022	10.5201	31.2523	0.0	6.1
13	8	2022	15.7998	32.4339	0.0	5.918
14	8	2022	15.9548	29.5003	0.0	6.135
15	8	2022	13.1839	28.7127	0.0	5.911
16	8	2022	13.902	33.9026	0.0	7.111
17	8	2022	15.8276	26.1335	1.2	4.668
18	8	2022	12.0326	28.7827	0.0	5.87
19	8	2022	11.0354	29.7884	0.0	5.819
20	8	2022	17.3789	32.5168	0.0	7.621
21	8	2022	11.8756	33.7635	0.0	6.325
22	8	2022	16.6116	22.4589	0.2	1.906
23	8	2022	14.8804	26.4659	0.0	5.66
24	8	2022	10.4192	26.0556	0.0	4.079
25	8	2022	10.9132	29.5715	0.0	5.384
26	8	2022	12.5082	26.6932	6.4	3.367
27	8	2022	15.1416	30.1444	3.2	4.724
28	8	2022	12.8218	19.4236	0.0	2.268
29	8	2022	8.7969	26.4673	0.0	5.769
30	8	2022	10.6236	31.6176	0.0	6.098
31	8	2022	12.0652	34.6536	0.0	6.128
1	9	2022	13.1449	30.3769	0.0	7.459
2	9	2022	6.568	25.2449	0.0	5.186
3	9	2022	13.7551	36.6564	0.0	8.372
4	9	2022	16.8673	35.8038	0.0	7.437
5	9	2022	12.5719	30.4029	0.0	6.382
6	9	2022	7.5831	23.2754	0.0	5.689
7	9	2022	9.022	33.883	0.0	7.173
8	9	2022	6.9579	17.5416	0.0	4.407
9	9	2022	4.3297	14.9713	0.0	3.167
10	9	2022	2.3622	22.192	0.0	4.973
11	9	2022	8.5798	32.2392	0.0	7.267
12	9	2022	6.2153	21.4376	0.0	4.732
13	9	2022	6.3676	17.0005	0.0	2.694
14	9	2022	7.8663	12.8095	0.4	1.593
15	9	2022	3.1343	18.8556	0.0	2.338
16	9	2022	9.595	18.6531	0.0	2.507
17	9	2022	7.0432	20.58	0.0	2.272
18	9	2022	7.4649	21.2249	0.0	4.052
19	9	2022	8.6681	14.6564	5.2	1.198
20	9	2022	4.2786	11.7487	1.0	1.406
21	9	2022	-0.5	16.6868	0.0	3.202
22	9	2022	4.4456	19.616	0.0	4.345
23	9	2022	5.4365	18.3481	0.0	2.209
24	9	2022	4.6776	20.7711	0.0	4.555
25	9	2022	1.5548	20.2925	0.0	3.759
26	9	2022	8.7863	21.7588	0.0	4.364
27	9	2022	4.4222	23.7255	0.0	4.217
28	9	2022	7.2733	29.0312	0.0	4.668
29	9	2022	8.1461	27.5853	0.0	4.998
30	9	2022	10.3661	19.7952	0.0	3.207
1	10	2022	7.9923	20.5433	0.0	3.571
2	10	2022	4.3699	22.0187	0.0	3.02
3	10	2022	7.1029	21.2726	0.0	3.024
4	10	2022	5.4534	24.4213	0.0	3.205
5	10	2022	-0.1091	10.371	0.0	2.044
6	10	2022	-8.4413	9.8083	0.0	2.235
7	10	2022	-2.3343	18.8996	0.0	3.018
8	10	2022	2.9839	22.7637	0.0	3.552
9	10	2022	2.263	21.9623	0.0	2.832
10	10	2022	5.2468	24.0569	0.0	4.114
11	10	2022	6.1482	17.5337	0.12	3.613
12	10	2022	3.5747	10.2528	0.0885	4.268
13	10	2022	1.2635	12.2178	0.0825	3.754
14	10	2022	-2.9194	11.8507	0.1592	2.009
15	10	2022	-4.8988	9.1411	0.0	2.068
16	10	2022	-3.768	7.1259	0.1941	1.293
17	10	2022	-3.1555	15.355	0.0	2.932
18	10	2022	-1.4987	20.573	0.0	2.853
19	10	2022	0.6232	20.3573	0.0	2.601
20	10	2022	5.6133	14.3387	0.0	1.989
21	10	2022	-0.5128	11.246	0.0	1.856
22	10	2022	-5.045	9.9798	0.0	1.613
23	10	2022	-0.4955	3.3715	14.1721	0.81
24	10	2022	-1.427	1.4935	1.6507	0.655
25	10	2022	-1.3593	3.0286	0.8138	0.862
26	10	2022	-2.3771	6.7031	0.0778	1.159
27	10	2022	1.2242	10.6707	0.0	2.016
28	10	2022	-0.0669	9.3072	0.0	1.098
29	10	2022	-2.3563	12.4678	0.0	2.229
30	10	2022	-0.5167	14.0722	0.0	2.498
31	10	2022	-2.474	8.2314	0.0	1.487
1	11	2022	-1.6242	7.1888	0.0	1.041
2	11	2022	-2.6354	2.0123	0.2958	0.323
3	11	2022	-7.5972	-2.6366	0.6472	0.469
4	11	2022	-10.898	2.1526	0.4938	0.86
5	11	2022	-4.2171	0.1691	22.6822	0.32
6	11	2022	-14.3681	-4.922	3.1532	0.349
7	11	2022	-20.752	-8.5233	4.7443	0.127
8	11	2022	-19.2323	-5.7719	0.2056	0.162
9	11	2022	-23.517	-15.0487	0.6016	0.295
10	11	2022	-25.3091	-16.2721	0.9917	0.167
11	11	2022	-22.683	-12.3949	0.0	0.348
12	11	2022	-22.7155	-11.3743	0.0	0.229
13	11	2022	-14.4869	-7.3989	0.3357	0.261
14	11	2022	-10.7261	-7.0665	0.2897	0.275
15	11	2022	-11.1667	-4.8514	0.3158	0.261
16	11	2022	-10.1979	-3.2299	0.0	0.456
17	11	2022	-15.684	-10.3459	0.2685	0.473
18	11	2022	-15.4699	-6.365	0.029	0.465
19	11	2022	-12.3035	-6.643	0.0	0.581
20	11	2022	-14.2795	-0.3856	0.3464	0.568
21	11	2022	-12.6806	0.0131	1.1514	0.326
22	11	2022	-6.8294	0.1414	0.0298	0.589
23	11	2022	-7.8367	0.9369	0.0	0.51
24	11	2022	-8.6959	2.4294	0.2449	0.587
25	11	2022	-0.6657	5.0917	0.0	1.01
26	11	2022	-6.2786	1.467	0.0	0.779
27	11	2022	-3.8512	2.0634	0.2087	0.564
28	11	2022	-9.1451	-4.1108	6.9863	0.326
29	11	2022	-14.1956	-9.1019	2.739	0.34
30	11	2022	-22.3948	-14.0246	1.9017	0.178
1	12	2022	-24.4738	-15.8241	2.1919	0.137
2	12	2022	-30.9671	-24.4343	0.4099	0.125
3	12	2022	-27.0796	-17.0379	0.3226	0.197
4	12	2022	-18.8388	-3.4513	0.0	0.376
5	12	2022	-24.202	-13.679	0.0936	0.237
6	12	2022	-35.1914	-23.5174	1.6285	0.057
7	12	2022	-35.0928	-13.8903	0.0	0.033
8	12	2022	-15.2248	-7.2363	0.0	0.355
9	12	2022	-10.6352	-2.5641	0.0	0.448
10	12	2022	-17.5915	-11.6064	0.0	0.257
11	12	2022	-11.4257	-4.8757	0.0	0.422
12	12	2022	-12.4999	-7.2408	3.0789	0.224
13	12	2022	-13.1759	-11.7177	0.4031	0.206
14	12	2022	-14.6813	-9.3077	0.3611	0.237
15	12	2022	-17.8528	-10.5369	0.0	0.274
16	12	2022	-22.4441	-16.6096	0.1898	0.142
17	12	2022	-21.8575	-15.3191	0.0	0.175
18	12	2022	-26.3484	-21.5054	0.0	0.153
19	12	2022	-28.6126	-24.4613	1.556	0.102
20	12	2022	-36.1788	-25.3888	0.9592	0.09
21	12	2022	-35.2205	-26.6741	1.1876	0.086
22	12	2022	-31.1747	-23.2245	0.2494	0.122
23	12	2022	-36.2672	-26.6947	1.0185	0.078
24	12	2022	-27.9199	-15.8095	0.0	0.178
25	12	2022	-17.3803	-14.7518	17.0066	0.23
26	12	2022	-15.0359	-8.4849	0.0	0.222
27	12	2022	-12.8387	-8.2106	12.9644	0.184
28	12	2022	-18.3279	-12.6974	11.4474	0.211
29	12	2022	-16.3367	-11.0827	0.4255	0.184
30	12	2022	-16.5172	-10.6456	0.0	0.299
31	12	2022	-21.232	-16.1322	0.0	0.153
1	1	2023	-22.4189	-9.6616	0.1871	0.211
2	1	2023	-15.6408	-8.3696	0.2567	0.334
3	1	2023	-19.3971	-3.9936	0.0	0.322
4	1	2023	-20.2539	-7.7716	0.0	0.207
5	1	2023	-18.9636	-12.3195	0.0	0.143
6	1	2023	-19.5082	-10.9876	0.0	0.221
7	1	2023	-13.7694	-8.5686	0.0	0.277
8	1	2023	-17.1704	-9.6567	0.2356	0.292
9	1	2023	-16.9746	-10.4902	0.0	0.249
10	1	2023	-19.4895	-9.596	0.0	0.121
11	1	2023	-12.7924	-8.4681	0.0	0.184
12	1	2023	-17.0113	-10.4803	0.0	0.198
13	1	2023	-16.4533	-10.7323	0.0	0.168
14	1	2023	-13.3495	-7.223	0.0	0.174
15	1	2023	-9.4774	-7.5294	0.0	0.194
16	1	2023	-9.9063	-6.3978	0.0	0.177
17	1	2023	-12.3645	-10.0803	0.0	0.19
18	1	2023	-10.1631	-5.3411	0.0	0.187
19	1	2023	-8.462	-3.859	0.5492	0.215
20	1	2023	-15.0236	-5.8371	0.0467	0.349
21	1	2023	-14.9357	-3.8943	0.0	0.336
22	1	2023	-4.6465	1.2772	0.0	0.531
23	1	2023	-15.4436	-0.5706	0.4334	0.231
24	1	2023	-14.7558	-6.9313	0.786	0.31
25	1	2023	-6.761	-3.0963	0.0	0.381
26	1	2023	-6.5611	4.2781	3.8175	0.744
27	1	2023	-21.1044	-5.0351	1.4991	0.222
28	1	2023	-24.6725	-18.2315	0.3405	0.271
29	1	2023	-26.8763	-18.8859	0.441	0.249
30	1	2023	-26.7442	-20.0389	0.4532	0.238
31	1	2023	-26.5111	-15.6606	1.3591	0.15
1	2	2023	-27.3091	-14.5834	0.0	0.155
2	2	2023	-34.5585	-19.8794	0.0	0.115
3	2	2023	-20.539	-7.3678	0.0	0.366
4	2	2023	-8.2894	-4.3117	0.0	0.481
5	2	2023	-9.5594	1.1394	1.0787	0.806
6	2	2023	-6.6064	0.9098	0.0	1.119
7	2	2023	-5.7011	2.6851	0.0	1.084
8	2	2023	-10.6244	-2.2764	0.0	0.619
9	2	2023	-13.8416	-4.723	0.0	0.643
10	2	2023	-10.2997	4.136	0.0	0.984
11	2	2023	-7.6596	0.6012	0.0	1.02
12	2	2023	-8.5785	-1.5137	0.0	0.947
13	2	2023	-4.3761	2.7346	0.0	1.212
14	2	2023	-18.9801	-1.2045	0.0	0.402
15	2	2023	-19.8191	-13.5186	0.0	0.318
16	2	2023	-23.5801	-3.2415	0.221	0.357
17	2	2023	-9.6157	-3.172	0.0	0.773
18	2	2023	-13.4305	-6.6006	0.0	0.54
19	2	2023	-15.5581	-11.1023	1.1598	0.45
20	2	2023	-23.5841	-13.8774	0.5472	0.357
21	2	2023	-28.9996	-22.4515	0.1967	0.26
22	2	2023	-32.9069	-27.0211	0.096	0.249
23	2	2023	-32.2658	-20.7033	0.0488	0.226
24	2	2023	-31.7899	-18.8209	0.0	0.244
25	2	2023	-29.3077	-14.7682	0.0	0.329
26	2	2023	-19.2602	-9.3548	0.0	0.421
27	2	2023	-16.6015	-9.0102	0.0	0.589
28	2	2023	-22.3366	-11.2823	0.5726	0.539
1	3	2023	-23.0684	-8.88	0.4105	0.409
2	3	2023	-13.368	-1.0075	0.0	0.896
3	3	2023	-11.3517	-1.381	0.0	1.182
4	3	2023	-15.0238	-5.5171	0.0	0.663
5	3	2023	-23.8217	-12.9038	0.0	0.516
6	3	2023	-27.0491	-15.4229	0.0	0.457
7	3	2023	-22.2752	-13.5614	0.0	0.464
8	3	2023	-20.9049	-15.3113	0.0	0.462
9	3	2023	-20.7549	-13.3225	0.0	0.523
10	3	2023	-17.7764	-8.1088	0.0	0.43
11	3	2023	-13.9737	-7.2282	0.2927	0.637
12	3	2023	-21.8491	-4.0709	1.2218	0.945
13	3	2023	-16.5481	-5.9663	0.0	0.751
14	3	2023	-12.7957	-0.2361	0.0	0.631
15	3	2023	-16.4767	-4.7058	0.0	1.016
16	3	2023	-16.4499	-9.7904	0.0	0.856
17	3	2023	-22.3162	-7.161	0.0642	0.972
18	3	2023	-17.1506	-2.0846	0.0	1.085
19	3	2023	-15.7472	-5.7491	0.0	1.054
20	3	2023	-8.5363	-5.2345	0.0	0.803
21	3	2023	-16.7695	-8.2667	0.0	0.927
22	3	2023	-16.49	-8.4366	0.0	1.0
23	3	2023	-13.6873	0.1104	0.0	1.483
24	3	2023	-16.2596	-4.6993	0.0	1.082
25	3	2023	-19.5938	-4.7085	0.0	1.024
26	3	2023	-17.9767	-7.5571	0.0	1.074
27	3	2023	-23.0907	-7.4012	0.1188	1.056
28	3	2023	-23.2864	-7.2141	0.0	0.748
29	3	2023	-16.4013	-1.9358	0.0	1.121
30	3	2023	-10.5295	-2.0625	0.0	1.438
31	3	2023	-14.0783	0.2103	0.0	1.414
1	4	2023	-12.7131	4.5804	0.0461	1.862
2	4	2023	-9.3207	-3.8722	0.7782	0.496
3	4	2023	-13.6425	-9.3956	0.9451	1.035
4	4	2023	-19.5842	-1.491	0.3919	1.607
5	4	2023	-22.5181	-6.9115	0.0	1.02
6	4	2023	-20.4378	-4.1995	0.0	1.328
7	4	2023	-12.8929	-0.1975	0.0	1.26
8	4	2023	-5.4189	4.41	0.0	1.851
9	4	2023	-0.7465	4.1786	0.0	2.372
10	4	2023	2.0764	8.1673	0.0	3.181
11	4	2023	0.2667	8.4413	0.0	2.616
12	4	2023	0.0179	8.5214	0.0	3.074
13	4	2023	-2.3346	8.0072	0.0	1.976
14	4	2023	0.2957	10.686	0.0	2.614
15	4	2023	-2.5198	11.7861	0.0	3.183
16	4	2023	-0.5253	13.5716	0.0	3.911
17	4	2023	1.9712	14.7674	0.0	4.113
18	4	2023	-0.9207	5.662	11.9481	1.008
19	4	2023	-3.9773	-0.8832	15.0304	0.76
20	4	2023	-4.0985	-1.5774	2.1411	1.144
21	4	2023	-3.9469	2.0044	1.0678	2.207
22	4	2023	-3.6052	7.7322	0.0	3.257
23	4	2023	-3.8833	9.1702	0.0	3.54
24	4	2023	-2.41	8.9539	0.0	3.146
25	4	2023	2.9202	14.7646	0.0	4.078
26	4	2023	0.472	13.2337	0.0	4.504
27	4	2023	-0.1117	9.8793	0.0	2.743
28	4	2023	-0.7797	17.7936	0.0	4.115
29	4	2023	-0.7579	14.2242	0.0	4.85
30	4	2023	-2.2391	14.5658	0.0	4.514
1	5	2023	0.2501	19.4623	0.0	5.551
2	5	2023	7.4192	25.9082	0.0	7.776
3	5	2023	5.6631	24.8508	0.0	6.658
4	5	2023	5.8139	25.3706	0.0	7.086
5	5	2023	4.8512	17.4446	0.0	5.34
6	5	2023	4.2991	16.3027	0.0	4.302
7	5	2023	5.5782	17.4484	0.0	4.56
8	5	2023	7.9212	18.7748	0.0	5.575
9	5	2023	3.5315	20.0144	0.0	5.074
10	5	2023	5.7384	22.0429	0.0	4.609
11	5	2023	6.3013	22.3632	0.0	4.061
12	5	2023	10.7906	18.7127	0.2	2.48
13	5	2023	4.4537	24.5014	0.0	5.048
14	5	2023	9.3714	26.145	0.0	7.222
15	5	2023	11.9031	27.407	0.0	7.713
16	5	2023	10.2633	29.8982	0.0	7.682
17	5	2023	5.0835	13.6409	0.0	3.543
18	5	2023	3.4314	16.3388	0.0	5.635
19	5	2023	1.8138	25.6219	0.0	6.948
20	5	2023	11.2083	24.4543	0.0	5.145
21	5	2023	6.5648	21.9928	0.0	4.095
22	5	2023	11.8715	29.4022	3.0	6.465
23	5	2023	9.821	20.2216	0.8	4.89
24	5	2023	9.5255	19.1475	9.8	2.706
25	5	2023	12.3344	14.4421	2.6	0.822
26	5	2023	11.7668	19.3199	0.0	3.441
27	5	2023	7.0378	17.5237	0.6	2.798
28	5	2023	12.7785	22.0256	0.2	3.547
29	5	2023	11.0719	26.6861	0.0	5.373
30	5	2023	10.3478	28.916	0.0	6.361
31	5	2023	13.2266	30.5392	1.2	6.041
1	6	2023	14.8906	28.2721	0.2	5.257
2	6	2023	12.4004	23.8712	0.0	3.241
3	6	2023	17.0484	26.5895	2.2	3.67
4	6	2023	14.9956	32.2976	0.2	7.202
5	6	2023	18.3015	34.1933	0.0	8.098
6	6	2023	15.6572	28.1069	0.0	7.303
7	6	2023	12.3148	29.46	0.0	6.688
8	6	2023	14.7906	29.7003	0.0	7.633
9	6	2023	10.9402	23.9993	0.0	6.421
10	6	2023	9.1942	24.3156	0.0	6.868
11	6	2023	10.6236	29.0613	0.0	8.005
12	6	2023	14.5611	31.548	0.0	7.925
13	6	2023	15.1726	29.9997	0.0	7.299
14	6	2023	14.309	30.9711	0.0	7.966
15	6	2023	10.416	19.7815	0.4	4.373
16	6	2023	6.0584	25.1352	0.0	6.543
17	6	2023	14.0012	22.9112	0.2	4.532
18	6	2023	8.5788	24.089	17.6	5.471
19	6	2023	11.5514	21.5253	0.4	6.889
20	6	2023	10.6507	22.1065	0.0	7.187
21	6	2023	8.9271	19.2621	0.0	5.646
22	6	2023	6.3187	23.024	0.0	5.997
23	6	2023	7.5032	26.4139	0.0	6.439
24	6	2023	9.6356	27.4894	0.0	6.94
25	6	2023	12.8301	29.5399	1.8	7.558
26	6	2023	12.9563	25.6103	2.0	6.189
27	6	2023	11.1696	25.818	0.0	4.829
28	6	2023	12.4356	22.5083	0.0	6.08
29	6	2023	10.5726	27.3761	0.0	6.391
30	6	2023	13.2973	30.0918	0.0	6.39
1	7	2023	16.3587	31.328	0.2	6.25
2	7	2023	12.9075	22.2082	0.6	6.837
3	7	2023	10.6363	18.798	0.6	3.5
4	7	2023	8.7559	17.8615	0.8	4.728
5	7	2023	4.1928	23.2438	0.0	6.144
6	7	2023	10.4106	23.9526	0.0	6.275
7	7	2023	10.0199	23.2674	0.0	5.676
8	7	2023	9.8472	27.031	0.0	6.98
9	7	2023	12.7959	29.1419	0.0	6.54
10	7	2023	7.2543	21.5991	0.0	5.932
11	7	2023	7.2908	18.9797	0.2	2.892
12	7	2023	7.5175	24.1431	0.0	5.054
13	7	2023	10.5135	24.426	0.0	4.853
14	7	2023	11.3491	18.3395	0.0	3.27
15	7	2023	8.9526	21.5816	0.2	3.367
16	7	2023	6.0036	21.133	0.0	4.368
17	7	2023	6.4272	25.3947	5.4	5.658
18	7	2023	14.0205	18.1792	8.2	2.66
19	7	2023	14.4351	23.1652	1.2	4.944
20	7	2023	11.4809	24.6036	2.8	4.089
21	7	2023	12.2188	27.2831	0.2	5.979
22	7	2023	12.6719	27.9092	2.0	4.518
23	7	2023	13.2474	28.3103	0.2	5.903
24	7	2023	14.9739	31.9098	0.0	7.066
25	7	2023	18.4457	31.956	2.4	6.691
26	7	2023	13.1228	24.8338	0.0	6.011
27	7	2023	11.8334	17.725	0.0	3.254
28	7	2023	9.3973	20.7423	0.0	5.27
29	7	2023	5.9812	23.0644	0.0	4.384
30	7	2023	7.0134	28.8841	0.0	6.292
31	7	2023	16.3262	32.6723	0.0	6.68
1	8	2023	11.6424	29.6025	0.0	6.457
2	8	2023	14.4803	28.9447	0.0	6.511
3	8	2023	12.5811	36.0528	0.0	7.454
4	8	2023	14.2238	26.861	0.0	5.971
5	8	2023	8.1436	25.7621	0.0	5.264
6	8	2023	8.5595	27.3273	0.0	5.398
7	8	2023	9.8303	26.6543	0.0	5.301
8	8	2023	8.1334	22.8423	0.0	5.409
9	8	2023	10.93	21.5582	0.0	4.394
10	8	2023	12.1078	22.0744	17.6	2.738
11	8	2023	12.8558	19.205	2.0	3.13
12	8	2023	9.6694	23.2161	0.6	4.245
13	8	2023	10.0142	24.7271	0.2	5.01
14	8	2023	13.745	32.0976	0.0	6.594
15	8	2023	14.5949	27.872	0.0	4.696
16	8	2023	10.7427	21.1088	4.6	4.412
17	8	2023	8.7216	29.9503	0.0	5.691
18	8	2023	13.473	24.2186	0.0	3.814
19	8	2023	9.646	18.9902	0.0	4.2
20	8	2023	2.454	22.4429	4.2	4.165
21	8	2023	12.4375	18.4675	6.2	2.414
22	8	2023	13.047	15.6628	13.8	0.668
23	8	2023	13.103	21.4433	0.4	2.268
24	8	2023	10.0144	21.7454	0.4	3.714
25	8	2023	11.3636	21.723	0.0	2.779
26	8	2023	8.4622	28.0826	0.0	4.944
27	8	2023	11.0838	26.7571	0.0	4.488
28	8	2023	10.2668	29.8037	0.0	4.64
29	8	2023	12.4766	32.0053	0.0	5.14
30	8	2023	14.0086	28.4815	1.2	4.103
31	8	2023	12.2742	17.2816	6.6	1.096
1	9	2023	12.3141	26.4977	0.2	3.843
2	9	2023	12.6376	26.2502	0.0	5.049
3	9	2023	7.7881	29.9478	0.0	3.653
4	9	2023	8.8756	18.5342	0.0	2.707
5	9	2023	1.5959	17.3481	0.0	3.451
6	9	2023	6.9789	22.5256	0.0	4.399
7	9	2023	9.1339	19.6944	1.8	3.036
8	9	2023	3.5237	21.7028	0.2	3.566
9	9	2023	5.4796	23.588	0.0	3.557
10	9	2023	8.2825	24.0934	0.0	4.222
11	9	2023	7.3891	19.6788	0.0	3.275
12	9	2023	9.2544	26.3635	0.4	5.121
13	9	2023	11.5699	22.0465	0.2	3.022
14	9	2023	7.22	16.8324	0.0	2.601
15	9	2023	8.1319	21.3737	0.0	4.135
16	9	2023	8.3847	28.9063	0.0	5.594
17	9	2023	8.634	31.0634	0.0	5.854
18	9	2023	9.3613	25.5759	0.0	4.701
19	9	2023	4.4205	18.1639	0.0	2.558
20	9	2023	2.9503	19.5022	0.0	2.057
21	9	2023	1.8509	21.8724	0.0	2.999
22	9	2023	2.9386	22.5042	0.0	3.715
23	9	2023	6.8403	21.1026	0.0	2.775
24	9	2023	11.1635	23.3234	0.0	3.043
25	9	2023	6.5203	26.2479	0.0	4.347
26	9	2023	15.0061	28.6095	0.0	7.064
27	9	2023	9.1335	22.7691	0.2	4.963
28	9	2023	7.1569	19.665	0.8	3.557
29	9	2023	2.9324	18.1344	0.0	2.899
30	9	2023	-0.2055	10.955	12.6	0.702
